"Município da residência";"2015";"2016";"2017";" Total"
"110001 ALTA FLORESTA D\'OESTE                                                                               ";"23";"23";"25";"71"
"110002 ARIQUEMES                                                                                           ";"48";"67";"66";"181"
"110003 CABIXI                                                                                              ";"2";"5";"4";"11"
"110004 CACOAL                                                                                              ";"138";"166";"133";"437"
"110005 CEREJEIRAS                                                                                          ";"15";"14";"15";"44"
"110006 COLORADO DO OESTE                                                                                   ";"14";"25";"9";"48"
"110007 CORUMBIARA                                                                                          ";"1";"3";"4";"8"
"110008 COSTA MARQUES                                                                                       ";"7";"6";"12";"25"
"110009 ESPIGAO D\'OESTE                                                                                     ";"31";"17";"24";"72"
"110010 GUAJARA-MIRIM                                                                                       ";"26";"24";"20";"70"
"110011 JARU                                                                                                ";"27";"26";"26";"79"
"110012 JI-PARANA                                                                                           ";"66";"84";"75";"225"
"110013 MACHADINHO D\'OESTE                                                                                  ";"11";"14";"16";"41"
"110014 NOVA BRASILANDIA D\'OESTE                                                                            ";"10";"9";"14";"33"
"110015 OURO PRETO DO OESTE                                                                                 ";"21";"41";"32";"94"
"110018 PIMENTA BUENO                                                                                       ";"30";"44";"31";"105"
"110020 PORTO VELHO                                                                                         ";"402";"419";"438";"1259"
"110025 PRESIDENTE MEDICI                                                                                   ";"18";"23";"19";"60"
"110026 RIO CRESPO                                                                                          ";"0";"1";"4";"5"
"110028 ROLIM DE MOURA                                                                                      ";"45";"54";"50";"149"
"110029 SANTA LUZIA D\'OESTE                                                                                 ";"3";"15";"10";"28"
"110030 VILHENA                                                                                             ";"39";"54";"56";"149"
"110032 SAO MIGUEL DO GUAPORE                                                                               ";"11";"21";"14";"46"
"110033 NOVA MAMORE                                                                                         ";"14";"15";"20";"49"
"110034 ALVORADA D\'OESTE                                                                                    ";"14";"15";"10";"39"
"110037 ALTO ALEGRE DOS PARECIS                                                                             ";"11";"11";"10";"32"
"110040 ALTO PARAISO                                                                                        ";"11";"11";"9";"31"
"110045 BURITIS                                                                                             ";"21";"22";"21";"64"
"110050 NOVO HORIZONTE DO OESTE                                                                             ";"6";"5";"8";"19"
"110060 CACAULANDIA                                                                                         ";"0";"5";"2";"7"
"110070 CAMPO NOVO DE RONDONIA                                                                              ";"2";"2";"4";"8"
"110080 CANDEIAS DO JAMARI                                                                                  ";"9";"17";"28";"54"
"110090 CASTANHEIRAS                                                                                        ";"6";"5";"7";"18"
"110092 CHUPINGUAIA                                                                                         ";"9";"5";"11";"25"
"110094 CUJUBIM                                                                                             ";"5";"2";"9";"16"
"110100 GOVERNADOR JORGE TEIXEIRA                                                                           ";"5";"3";"5";"13"
"110110 ITAPUA DO OESTE                                                                                     ";"2";"1";"5";"8"
"110120 MINISTRO ANDREAZZA                                                                                  ";"9";"12";"8";"29"
"110130 MIRANTE DA SERRA                                                                                    ";"5";"6";"4";"15"
"110140 MONTE NEGRO                                                                                         ";"5";"7";"10";"22"
"110143 NOVA UNIAO                                                                                          ";"5";"2";"2";"9"
"110145 PARECIS                                                                                             ";"3";"4";"2";"9"
"110146 PIMENTEIRAS DO OESTE                                                                                ";"0";"3";"3";"6"
"110147 PRIMAVERA DE RONDONIA                                                                               ";"4";"4";"1";"9"
"110148 SAO FELIPE D\'OESTE                                                                                  ";"3";"2";"6";"11"
"110149 SAO FRANCISCO DO GUAPORE                                                                            ";"6";"13";"6";"25"
"110150 SERINGUEIRAS                                                                                        ";"13";"9";"4";"26"
"110155 TEIXEIROPOLIS                                                                                       ";"1";"5";"4";"10"
"110160 THEOBROMA                                                                                           ";"10";"2";"5";"17"
"110170 URUPA                                                                                               ";"9";"3";"10";"22"
"110175 VALE DO ANARI                                                                                       ";"1";"5";"6";"12"
"110180 VALE DO PARAISO                                                                                     ";"8";"2";"3";"13"
"120001 ACRELANDIA                                                                                          ";"6";"2";"4";"12"
"120005 ASSIS BRASIL                                                                                        ";"0";"1";"2";"3"
"120010 BRASILEIA                                                                                           ";"7";"11";"7";"25"
"120013 BUJARI                                                                                              ";"3";"1";"3";"7"
"120017 CAPIXABA                                                                                            ";"5";"0";"4";"9"
"120020 CRUZEIRO DO SUL                                                                                     ";"19";"26";"24";"69"
"120025 EPITACIOLANDIA                                                                                      ";"9";"6";"7";"22"
"120030 FEIJO                                                                                               ";"7";"4";"12";"23"
"120032 JORDAO                                                                                              ";"2";"0";"1";"3"
"120033 MANCIO LIMA                                                                                         ";"1";"6";"4";"11"
"120034 MANOEL URBANO                                                                                       ";"4";"4";"6";"14"
"120035 MARECHAL THAUMATURGO                                                                                ";"3";"2";"0";"5"
"120038 PLACIDO DE CASTRO                                                                                   ";"10";"11";"8";"29"
"120039 PORTO WALTER                                                                                        ";"3";"0";"2";"5"
"120040 RIO BRANCO                                                                                          ";"263";"240";"239";"742"
"120042 RODRIGUES ALVES                                                                                     ";"3";"1";"3";"7"
"120043 SANTA ROSA DO PURUS                                                                                 ";"1";"0";"0";"1"
"120045 SENADOR GUIOMARD                                                                                    ";"5";"6";"8";"19"
"120050 SENA MADUREIRA                                                                                      ";"13";"9";"12";"34"
"120060 TARAUACA                                                                                            ";"15";"9";"26";"50"
"120070 XAPURI                                                                                              ";"9";"6";"4";"19"
"120080 PORTO ACRE                                                                                          ";"4";"6";"7";"17"
"130002 ALVARAES                                                                                            ";"1";"0";"0";"1"
"130008 ANAMA                                                                                               ";"2";"1";"2";"5"
"130010 ANORI                                                                                               ";"0";"1";"3";"4"
"130014 APUI                                                                                                ";"4";"4";"6";"14"
"130020 ATALAIA DO NORTE                                                                                    ";"0";"1";"0";"1"
"130030 AUTAZES                                                                                             ";"2";"5";"3";"10"
"130040 BARCELOS                                                                                            ";"1";"1";"1";"3"
"130050 BARREIRINHA                                                                                         ";"1";"0";"2";"3"
"130060 BENJAMIN CONSTANT                                                                                   ";"1";"2";"3";"6"
"130063 BERURI                                                                                              ";"1";"1";"0";"2"
"130068 BOA VISTA DO RAMOS                                                                                  ";"1";"2";"2";"5"
"130070 BOCA DO ACRE                                                                                        ";"12";"6";"4";"22"
"130080 BORBA                                                                                               ";"3";"1";"5";"9"
"130083 CAAPIRANGA                                                                                          ";"1";"0";"0";"1"
"130090 CANUTAMA                                                                                            ";"0";"1";"1";"2"
"130100 CARAUARI                                                                                            ";"3";"3";"3";"9"
"130110 CAREIRO                                                                                             ";"5";"2";"0";"7"
"130115 CAREIRO DA VARZEA                                                                                   ";"2";"2";"1";"5"
"130120 COARI                                                                                               ";"9";"5";"2";"16"
"130130 CODAJAS                                                                                             ";"3";"2";"1";"6"
"130140 EIRUNEPE                                                                                            ";"3";"2";"1";"6"
"130150 ENVIRA                                                                                              ";"1";"1";"2";"4"
"130160 FONTE BOA                                                                                           ";"1";"1";"3";"5"
"130165 GUAJARA                                                                                             ";"3";"0";"1";"4"
"130170 HUMAITA                                                                                             ";"15";"8";"15";"38"
"130180 IPIXUNA                                                                                             ";"4";"1";"1";"6"
"130185 IRANDUBA                                                                                            ";"6";"6";"6";"18"
"130190 ITACOATIARA                                                                                         ";"9";"12";"10";"31"
"130200 ITAPIRANGA                                                                                          ";"1";"1";"1";"3"
"130210 JAPURA                                                                                              ";"0";"2";"1";"3"
"130220 JURUA                                                                                               ";"1";"0";"0";"1"
"130230 JUTAI                                                                                               ";"2";"0";"1";"3"
"130240 LABREA                                                                                              ";"1";"3";"3";"7"
"130250 MANACAPURU                                                                                          ";"17";"15";"12";"44"
"130255 MANAQUIRI                                                                                           ";"1";"2";"3";"6"
"130260 MANAUS                                                                                              ";"1419";"1537";"1587";"4543"
"130270 MANICORE                                                                                            ";"3";"4";"1";"8"
"130280 MARAA                                                                                               ";"1";"0";"0";"1"
"130290 MAUES                                                                                               ";"5";"2";"1";"8"
"130310 NOVA OLINDA DO NORTE                                                                                ";"1";"4";"1";"6"
"130320 NOVO AIRAO                                                                                          ";"1";"4";"3";"8"
"130330 NOVO ARIPUANA                                                                                       ";"0";"2";"2";"4"
"130340 PARINTINS                                                                                           ";"2";"5";"4";"11"
"130350 PAUINI                                                                                              ";"3";"1";"1";"5"
"130353 PRESIDENTE FIGUEIREDO                                                                               ";"6";"6";"2";"14"
"130356 RIO PRETO DA EVA                                                                                    ";"4";"2";"2";"8"
"130370 SANTO ANTONIO DO ICA                                                                                ";"1";"1";"1";"3"
"130380 SAO GABRIEL DA CACHOEIRA                                                                            ";"2";"1";"3";"6"
"130390 SAO PAULO DE OLIVENCA                                                                               ";"0";"1";"0";"1"
"130395 SAO SEBASTIAO DO UATUMA                                                                             ";"0";"1";"2";"3"
"130406 TABATINGA                                                                                           ";"0";"0";"3";"3"
"130410 TAPAUA                                                                                              ";"0";"0";"1";"1"
"130420 TEFE                                                                                                ";"6";"5";"3";"14"
"130430 URUCARA                                                                                             ";"1";"0";"1";"2"
"130440 URUCURITUBA                                                                                         ";"0";"0";"1";"1"
"140005 ALTO ALEGRE                                                                                         ";"2";"0";"3";"5"
"140010 BOA VISTA                                                                                           ";"142";"132";"134";"408"
"140015 BONFIM                                                                                              ";"1";"1";"0";"2"
"140017 CANTA                                                                                               ";"3";"1";"1";"5"
"140020 CARACARAI                                                                                           ";"0";"6";"1";"7"
"140023 CAROEBE                                                                                             ";"1";"2";"0";"3"
"140028 IRACEMA                                                                                             ";"1";"0";"0";"1"
"140030 MUCAJAI                                                                                             ";"5";"3";"5";"13"
"140040 NORMANDIA                                                                                           ";"0";"0";"1";"1"
"140045 PACARAIMA                                                                                           ";"1";"1";"1";"3"
"140047 RORAINOPOLIS                                                                                        ";"6";"4";"3";"13"
"140050 SAO JOAO DA BALIZA                                                                                  ";"1";"0";"1";"2"
"140060 SAO LUIZ                                                                                            ";"3";"1";"1";"5"
"140070 UIRAMUTA                                                                                            ";"1";"0";"0";"1"
"150010 ABAETETUBA                                                                                          ";"50";"46";"43";"139"
"150013 ABEL FIGUEIREDO                                                                                     ";"1";"0";"0";"1"
"150020 ACARA                                                                                               ";"10";"10";"12";"32"
"150034 AGUA AZUL DO NORTE                                                                                  ";"0";"3";"2";"5"
"150040 ALENQUER                                                                                            ";"17";"20";"20";"57"
"150050 ALMEIRIM                                                                                            ";"6";"9";"19";"34"
"150060 ALTAMIRA                                                                                            ";"21";"32";"38";"91"
"150070 ANAJAS                                                                                              ";"5";"2";"2";"9"
"150080 ANANINDEUA                                                                                          ";"180";"220";"181";"581"
"150085 ANAPU                                                                                               ";"4";"3";"3";"10"
"150090 AUGUSTO CORREA                                                                                      ";"9";"5";"9";"23"
"150095 AURORA DO PARA                                                                                      ";"8";"4";"3";"15"
"150100 AVEIRO                                                                                              ";"4";"3";"3";"10"
"150110 BAGRE                                                                                               ";"5";"1";"1";"7"
"150120 BAIAO                                                                                               ";"7";"3";"6";"16"
"150125 BANNACH                                                                                             ";"1";"3";"1";"5"
"150130 BARCARENA                                                                                           ";"26";"33";"35";"94"
"150140 BELEM                                                                                               ";"895";"1054";"1056";"3005"
"150145 BELTERRA                                                                                            ";"9";"10";"9";"28"
"150150 BENEVIDES                                                                                           ";"11";"17";"26";"54"
"150157 BOM JESUS DO TOCANTINS                                                                              ";"1";"3";"5";"9"
"150160 BONITO                                                                                              ";"2";"1";"5";"8"
"150170 BRAGANCA                                                                                            ";"22";"29";"33";"84"
"150172 BRASIL NOVO                                                                                         ";"6";"3";"3";"12"
"150175 BREJO GRANDE DO ARAGUAIA                                                                            ";"1";"2";"0";"3"
"150178 BREU BRANCO                                                                                         ";"6";"6";"8";"20"
"150180 BREVES                                                                                              ";"13";"18";"10";"41"
"150190 BUJARU                                                                                              ";"6";"10";"2";"18"
"150195 CACHOEIRA DO PIRIA                                                                                  ";"0";"3";"2";"5"
"150200 CACHOEIRA DO ARARI                                                                                  ";"4";"6";"4";"14"
"150210 CAMETA                                                                                              ";"23";"19";"23";"65"
"150215 CANAA DOS CARAJAS                                                                                   ";"8";"6";"8";"22"
"150220 CAPANEMA                                                                                            ";"21";"22";"16";"59"
"150230 CAPITAO POCO                                                                                        ";"14";"10";"13";"37"
"150240 CASTANHAL                                                                                           ";"50";"71";"65";"186"
"150250 CHAVES                                                                                              ";"0";"1";"3";"4"
"150260 COLARES                                                                                             ";"6";"2";"1";"9"
"150270 CONCEICAO DO ARAGUAIA                                                                               ";"10";"15";"17";"42"
"150275 CONCORDIA DO PARA                                                                                   ";"12";"7";"4";"23"
"150276 CUMARU DO NORTE                                                                                     ";"1";"0";"0";"1"
"150277 CURIONOPOLIS                                                                                        ";"5";"2";"2";"9"
"150280 CURRALINHO                                                                                          ";"2";"3";"3";"8"
"150285 CURUA                                                                                               ";"3";"2";"12";"17"
"150290 CURUCA                                                                                              ";"5";"7";"7";"19"
"150293 DOM ELISEU                                                                                          ";"8";"2";"5";"15"
"150295 ELDORADO DOS CARAJAS                                                                                ";"2";"5";"2";"9"
"150300 FARO                                                                                                ";"1";"0";"0";"1"
"150304 FLORESTA DO ARAGUAIA                                                                                ";"4";"3";"1";"8"
"150307 GARRAFAO DO NORTE                                                                                   ";"4";"7";"6";"17"
"150309 GOIANESIA DO PARA                                                                                   ";"5";"6";"13";"24"
"150310 GURUPA                                                                                              ";"3";"5";"3";"11"
"150320 IGARAPE-ACU                                                                                         ";"7";"18";"13";"38"
"150330 IGARAPE-MIRI                                                                                        ";"11";"10";"15";"36"
"150340 INHANGAPI                                                                                           ";"2";"1";"0";"3"
"150345 IPIXUNA DO PARA                                                                                     ";"6";"11";"3";"20"
"150350 IRITUIA                                                                                             ";"8";"9";"5";"22"
"150360 ITAITUBA                                                                                            ";"26";"38";"29";"93"
"150370 ITUPIRANGA                                                                                          ";"6";"3";"10";"19"
"150375 JACAREACANGA                                                                                        ";"3";"1";"4";"8"
"150380 JACUNDA                                                                                             ";"5";"11";"9";"25"
"150390 JURUTI                                                                                              ";"6";"15";"8";"29"
"150400 LIMOEIRO DO AJURU                                                                                   ";"4";"5";"7";"16"
"150405 MAE DO RIO                                                                                          ";"11";"12";"13";"36"
"150410 MAGALHAES BARATA                                                                                    ";"2";"1";"2";"5"
"150420 MARABA                                                                                              ";"35";"33";"49";"117"
"150430 MARACANA                                                                                            ";"4";"11";"5";"20"
"150440 MARAPANIM                                                                                           ";"3";"10";"7";"20"
"150442 MARITUBA                                                                                            ";"30";"25";"46";"101"
"150445 MEDICILANDIA                                                                                        ";"3";"3";"6";"12"
"150450 MELGACO                                                                                             ";"0";"2";"2";"4"
"150460 MOCAJUBA                                                                                            ";"6";"6";"2";"14"
"150470 MOJU                                                                                                ";"13";"12";"9";"34"
"150475 MOJUI DOS CAMPOS                                                                                    ";"3";"15";"10";"28"
"150480 MONTE ALEGRE                                                                                        ";"31";"30";"30";"91"
"150490 MUANA                                                                                               ";"9";"8";"7";"24"
"150495 NOVA ESPERANCA DO PIRIA                                                                             ";"2";"4";"4";"10"
"150497 NOVA IPIXUNA                                                                                        ";"6";"3";"4";"13"
"150500 NOVA TIMBOTEUA                                                                                      ";"4";"4";"6";"14"
"150503 NOVO PROGRESSO                                                                                      ";"11";"3";"7";"21"
"150506 NOVO REPARTIMENTO                                                                                   ";"13";"6";"16";"35"
"150510 OBIDOS                                                                                              ";"10";"17";"20";"47"
"150520 OEIRAS DO PARA                                                                                      ";"3";"1";"0";"4"
"150530 ORIXIMINA                                                                                           ";"14";"26";"30";"70"
"150540 OUREM                                                                                               ";"2";"2";"5";"9"
"150543 OURILANDIA DO NORTE                                                                                 ";"0";"3";"8";"11"
"150548 PACAJA                                                                                              ";"2";"3";"6";"11"
"150549 PALESTINA DO PARA                                                                                   ";"0";"1";"0";"1"
"150550 PARAGOMINAS                                                                                         ";"24";"37";"35";"96"
"150553 PARAUAPEBAS                                                                                         ";"28";"24";"32";"84"
"150555 PAU D\'ARCO                                                                                          ";"1";"0";"0";"1"
"150560 PEIXE-BOI                                                                                           ";"1";"2";"0";"3"
"150563 PICARRA                                                                                             ";"1";"4";"2";"7"
"150565 PLACAS                                                                                              ";"9";"17";"8";"34"
"150570 PONTA DE PEDRAS                                                                                     ";"5";"7";"3";"15"
"150580 PORTEL                                                                                              ";"4";"4";"6";"14"
"150590 PORTO DE MOZ                                                                                        ";"4";"5";"2";"11"
"150600 PRAINHA                                                                                             ";"7";"19";"7";"33"
"150610 PRIMAVERA                                                                                           ";"3";"0";"4";"7"
"150611 QUATIPURU                                                                                           ";"4";"1";"2";"7"
"150613 REDENCAO                                                                                            ";"22";"28";"32";"82"
"150616 RIO MARIA                                                                                           ";"6";"3";"4";"13"
"150618 RONDON DO PARA                                                                                      ";"4";"6";"6";"16"
"150619 RUROPOLIS                                                                                           ";"11";"13";"9";"33"
"150620 SALINOPOLIS                                                                                         ";"11";"9";"14";"34"
"150630 SALVATERRA                                                                                          ";"6";"7";"5";"18"
"150635 SANTA BARBARA DO PARA                                                                               ";"4";"4";"8";"16"
"150640 SANTA CRUZ DO ARARI                                                                                 ";"1";"2";"2";"5"
"150650 SANTA IZABEL DO PARA                                                                                ";"14";"28";"30";"72"
"150655 SANTA LUZIA DO PARA                                                                                 ";"4";"1";"4";"9"
"150658 SANTA MARIA DAS BARREIRAS                                                                           ";"0";"3";"0";"3"
"150660 SANTA MARIA DO PARA                                                                                 ";"2";"7";"15";"24"
"150670 SANTANA DO ARAGUAIA                                                                                 ";"3";"7";"7";"17"
"150680 SANTAREM                                                                                            ";"309";"346";"306";"961"
"150690 SANTAREM NOVO                                                                                       ";"2";"2";"5";"9"
"150700 SANTO ANTONIO DO TAUA                                                                               ";"6";"5";"13";"24"
"150710 SAO CAETANO DE ODIVELAS                                                                             ";"7";"4";"5";"16"
"150715 SAO DOMINGOS DO ARAGUAIA                                                                            ";"3";"2";"5";"10"
"150720 SAO DOMINGOS DO CAPIM                                                                               ";"7";"4";"9";"20"
"150730 SAO FELIX DO XINGU                                                                                  ";"5";"5";"5";"15"
"150740 SAO FRANCISCO DO PARA                                                                               ";"3";"7";"5";"15"
"150745 SAO GERALDO DO ARAGUAIA                                                                             ";"1";"2";"7";"10"
"150746 SAO JOAO DA PONTA                                                                                   ";"0";"0";"2";"2"
"150747 SAO JOAO DE PIRABAS                                                                                 ";"5";"3";"10";"18"
"150750 SAO JOAO DO ARAGUAIA                                                                                ";"0";"2";"1";"3"
"150760 SAO MIGUEL DO GUAMA                                                                                 ";"8";"14";"14";"36"
"150770 SAO SEBASTIAO DA BOA VISTA                                                                          ";"1";"8";"4";"13"
"150775 SAPUCAIA                                                                                            ";"2";"1";"0";"3"
"150780 SENADOR JOSE PORFIRIO                                                                               ";"1";"2";"1";"4"
"150790 SOURE                                                                                               ";"3";"7";"9";"19"
"150795 TAILANDIA                                                                                           ";"11";"6";"25";"42"
"150796 TERRA ALTA                                                                                          ";"6";"3";"2";"11"
"150797 TERRA SANTA                                                                                         ";"0";"2";"3";"5"
"150800 TOME-ACU                                                                                            ";"10";"13";"20";"43"
"150803 TRACUATEUA                                                                                          ";"4";"10";"9";"23"
"150805 TRAIRAO                                                                                             ";"3";"5";"2";"10"
"150808 TUCUMA                                                                                              ";"8";"8";"14";"30"
"150810 TUCURUI                                                                                             ";"27";"25";"28";"80"
"150812 ULIANOPOLIS                                                                                         ";"3";"3";"5";"11"
"150815 URUARA                                                                                              ";"1";"7";"9";"17"
"150820 VIGIA                                                                                               ";"19";"21";"18";"58"
"150830 VISEU                                                                                               ";"8";"6";"7";"21"
"150835 VITORIA DO XINGU                                                                                    ";"5";"0";"6";"11"
"150840 XINGUARA                                                                                            ";"13";"14";"16";"43"
"160010 AMAPA                                                                                               ";"9";"3";"3";"15"
"160015 PEDRA BRANCA DO AMAPARI                                                                             ";"4";"1";"1";"6"
"160020 CALCOENE                                                                                            ";"2";"2";"0";"4"
"160021 CUTIAS                                                                                              ";"0";"0";"1";"1"
"160023 FERREIRA GOMES                                                                                      ";"2";"0";"1";"3"
"160025 ITAUBAL                                                                                             ";"0";"1";"0";"1"
"160027 LARANJAL DO JARI                                                                                    ";"5";"2";"6";"13"
"160030 MACAPA                                                                                              ";"171";"195";"221";"587"
"160040 MAZAGAO                                                                                             ";"0";"1";"0";"1"
"160050 OIAPOQUE                                                                                            ";"0";"1";"1";"2"
"160053 PORTO GRANDE                                                                                        ";"2";"3";"6";"11"
"160060 SANTANA                                                                                             ";"22";"28";"25";"75"
"160070 TARTARUGALZINHO                                                                                     ";"0";"2";"1";"3"
"160080 VITORIA DO JARI                                                                                     ";"2";"0";"0";"2"
"170025 ABREULANDIA                                                                                         ";"1";"1";"0";"2"
"170030 AGUIARNOPOLIS                                                                                       ";"2";"1";"4";"7"
"170035 ALIANCA DO TOCANTINS                                                                                ";"4";"1";"4";"9"
"170040 ALMAS                                                                                               ";"1";"3";"3";"7"
"170070 ALVORADA                                                                                            ";"1";"2";"2";"5"
"170100 ANANAS                                                                                              ";"7";"3";"6";"16"
"170105 ANGICO                                                                                              ";"0";"0";"4";"4"
"170110 APARECIDA DO RIO NEGRO                                                                              ";"1";"0";"0";"1"
"170130 ARAGOMINAS                                                                                          ";"3";"5";"1";"9"
"170190 ARAGUACEMA                                                                                          ";"1";"1";"1";"3"
"170200 ARAGUACU                                                                                            ";"2";"2";"0";"4"
"170210 ARAGUAINA                                                                                           ";"190";"195";"178";"563"
"170215 ARAGUANA                                                                                            ";"1";"1";"5";"7"
"170220 ARAGUATINS                                                                                          ";"15";"8";"5";"28"
"170230 ARAPOEMA                                                                                            ";"1";"4";"4";"9"
"170240 ARRAIAS                                                                                             ";"1";"3";"3";"7"
"170255 AUGUSTINOPOLIS                                                                                      ";"10";"4";"16";"30"
"170290 AXIXA DO TOCANTINS                                                                                  ";"2";"3";"0";"5"
"170300 BABACULANDIA                                                                                        ";"4";"2";"5";"11"
"170305 BANDEIRANTES DO TOCANTINS                                                                           ";"0";"1";"1";"2"
"170307 BARRA DO OURO                                                                                       ";"1";"2";"2";"5"
"170310 BARROLANDIA                                                                                         ";"1";"3";"3";"7"
"170320 BERNARDO SAYAO                                                                                      ";"2";"2";"1";"5"
"170330 BOM JESUS DO TOCANTINS                                                                              ";"0";"0";"2";"2"
"170360 BRASILANDIA DO TOCANTINS                                                                            ";"2";"0";"1";"3"
"170370 BREJINHO DE NAZARE                                                                                  ";"1";"6";"3";"10"
"170380 BURITI DO TOCANTINS                                                                                 ";"0";"6";"8";"14"
"170382 CACHOEIRINHA                                                                                        ";"0";"3";"0";"3"
"170384 CAMPOS LINDOS                                                                                       ";"3";"3";"3";"9"
"170386 CARIRI DO TOCANTINS                                                                                 ";"1";"3";"2";"6"
"170388 CARMOLANDIA                                                                                         ";"2";"0";"2";"4"
"170389 CARRASCO BONITO                                                                                     ";"1";"2";"1";"4"
"170390 CASEARA                                                                                             ";"1";"0";"0";"1"
"170460 CHAPADA DE AREIA                                                                                    ";"1";"0";"0";"1"
"170510 CHAPADA DA NATIVIDADE                                                                               ";"0";"1";"0";"1"
"170550 COLINAS DO TOCANTINS                                                                                ";"12";"16";"19";"47"
"170555 COMBINADO                                                                                           ";"1";"1";"1";"3"
"170560 CONCEICAO DO TOCANTINS                                                                              ";"1";"2";"0";"3"
"170600 COUTO MAGALHAES                                                                                     ";"1";"1";"3";"5"
"170610 CRISTALANDIA                                                                                        ";"3";"7";"3";"13"
"170625 CRIXAS DO TOCANTINS                                                                                 ";"1";"2";"0";"3"
"170650 DARCINOPOLIS                                                                                        ";"3";"1";"3";"7"
"170700 DIANOPOLIS                                                                                          ";"5";"4";"5";"14"
"170710 DIVINOPOLIS DO TOCANTINS                                                                            ";"2";"2";"2";"6"
"170720 DOIS IRMAOS DO TOCANTINS                                                                            ";"2";"2";"1";"5"
"170730 DUERE                                                                                               ";"0";"3";"3";"6"
"170740 ESPERANTINA                                                                                         ";"1";"5";"2";"8"
"170755 FATIMA                                                                                              ";"0";"1";"0";"1"
"170765 FIGUEIROPOLIS                                                                                       ";"1";"2";"2";"5"
"170770 FILADELFIA                                                                                          ";"2";"4";"5";"11"
"170820 FORMOSO DO ARAGUAIA                                                                                 ";"5";"3";"8";"16"
"170825 FORTALEZA DO TABOCAO                                                                                ";"0";"1";"1";"2"
"170830 GOIANORTE                                                                                           ";"2";"0";"3";"5"
"170900 GOIATINS                                                                                            ";"3";"2";"3";"8"
"170930 GUARAI                                                                                              ";"6";"13";"13";"32"
"170950 GURUPI                                                                                              ";"32";"27";"30";"89"
"170980 IPUEIRAS                                                                                            ";"2";"2";"0";"4"
"171050 ITACAJA                                                                                             ";"1";"2";"5";"8"
"171070 ITAGUATINS                                                                                          ";"2";"2";"0";"4"
"171090 ITAPIRATINS                                                                                         ";"1";"0";"0";"1"
"171150 JAU DO TOCANTINS                                                                                    ";"0";"3";"4";"7"
"171180 JUARINA                                                                                             ";"1";"0";"1";"2"
"171190 LAGOA DA CONFUSAO                                                                                   ";"3";"3";"1";"7"
"171195 LAGOA DO TOCANTINS                                                                                  ";"2";"0";"0";"2"
"171200 LAJEADO                                                                                             ";"2";"1";"4";"7"
"171240 LIZARDA                                                                                             ";"0";"1";"2";"3"
"171245 LUZINOPOLIS                                                                                         ";"1";"2";"1";"4"
"171250 MARIANOPOLIS DO TOCANTINS                                                                           ";"3";"1";"2";"6"
"171270 MATEIROS                                                                                            ";"1";"1";"0";"2"
"171320 MIRACEMA DO TOCANTINS                                                                               ";"6";"11";"8";"25"
"171330 MIRANORTE                                                                                           ";"5";"7";"9";"21"
"171360 MONTE DO CARMO                                                                                      ";"1";"3";"2";"6"
"171370 MONTE SANTO DO TOCANTINS                                                                            ";"1";"0";"5";"6"
"171380 PALMEIRAS DO TOCANTINS                                                                              ";"1";"4";"2";"7"
"171395 MURICILANDIA                                                                                        ";"3";"0";"0";"3"
"171420 NATIVIDADE                                                                                          ";"7";"2";"1";"10"
"171430 NAZARE                                                                                              ";"3";"3";"2";"8"
"171488 NOVA OLINDA                                                                                         ";"6";"6";"6";"18"
"171500 NOVA ROSALANDIA                                                                                     ";"2";"2";"1";"5"
"171510 NOVO ACORDO                                                                                         ";"1";"2";"1";"4"
"171515 NOVO ALEGRE                                                                                         ";"1";"1";"1";"3"
"171550 OLIVEIRA DE FATIMA                                                                                  ";"1";"0";"0";"1"
"171570 PALMEIRANTE                                                                                         ";"2";"3";"3";"8"
"171575 PALMEIROPOLIS                                                                                       ";"1";"0";"2";"3"
"171610 PARAISO DO TOCANTINS                                                                                ";"20";"26";"24";"70"
"171620 PARANA                                                                                              ";"2";"1";"1";"4"
"171630 PAU D\'ARCO                                                                                          ";"0";"3";"5";"8"
"171650 PEDRO AFONSO                                                                                        ";"4";"1";"5";"10"
"171660 PEIXE                                                                                               ";"3";"2";"3";"8"
"171665 PEQUIZEIRO                                                                                          ";"7";"3";"3";"13"
"171670 COLMEIA                                                                                             ";"1";"4";"4";"9"
"171700 PINDORAMA DO TOCANTINS                                                                              ";"0";"2";"1";"3"
"171720 PIRAQUE                                                                                             ";"0";"0";"1";"1"
"171750 PIUM                                                                                                ";"6";"4";"3";"13"
"171790 PONTE ALTA DO TOCANTINS                                                                             ";"1";"0";"2";"3"
"171800 PORTO ALEGRE DO TOCANTINS                                                                           ";"0";"0";"2";"2"
"171820 PORTO NACIONAL                                                                                      ";"18";"28";"29";"75"
"171830 PRAIA NORTE                                                                                         ";"0";"6";"0";"6"
"171840 PRESIDENTE KENNEDY                                                                                  ";"0";"1";"4";"5"
"171845 PUGMIL                                                                                              ";"1";"0";"2";"3"
"171850 RECURSOLANDIA                                                                                       ";"0";"0";"1";"1"
"171855 RIACHINHO                                                                                           ";"2";"1";"7";"10"
"171870 RIO DOS BOIS                                                                                        ";"0";"0";"3";"3"
"171875 RIO SONO                                                                                            ";"0";"3";"2";"5"
"171880 SAMPAIO                                                                                             ";"2";"1";"0";"3"
"171884 SANDOLANDIA                                                                                         ";"1";"0";"2";"3"
"171886 SANTA FE DO ARAGUAIA                                                                                ";"0";"3";"3";"6"
"171888 SANTA MARIA DO TOCANTINS                                                                            ";"1";"1";"6";"8"
"171889 SANTA RITA DO TOCANTINS                                                                             ";"0";"1";"0";"1"
"171890 SANTA ROSA DO TOCANTINS                                                                             ";"2";"1";"0";"3"
"171900 SANTA TEREZA DO TOCANTINS                                                                           ";"1";"0";"1";"2"
"172000 SANTA TEREZINHA DO TOCANTINS                                                                        ";"0";"1";"1";"2"
"172010 SAO BENTO DO TOCANTINS                                                                              ";"3";"2";"0";"5"
"172015 SAO FELIX DO TOCANTINS                                                                              ";"0";"1";"0";"1"
"172020 SAO MIGUEL DO TOCANTINS                                                                             ";"2";"0";"1";"3"
"172025 SAO SALVADOR DO TOCANTINS                                                                           ";"0";"2";"3";"5"
"172030 SAO SEBASTIAO DO TOCANTINS                                                                          ";"0";"2";"3";"5"
"172049 SAO VALERIO                                                                                         ";"0";"2";"1";"3"
"172065 SILVANOPOLIS                                                                                        ";"2";"3";"0";"5"
"172080 SITIO NOVO DO TOCANTINS                                                                             ";"4";"1";"2";"7"
"172085 SUCUPIRA                                                                                            ";"2";"1";"1";"4"
"172090 TAGUATINGA                                                                                          ";"4";"6";"7";"17"
"172097 TALISMA                                                                                             ";"1";"2";"0";"3"
"172100 PALMAS                                                                                              ";"129";"181";"178";"488"
"172110 TOCANTINIA                                                                                          ";"1";"0";"3";"4"
"172120 TOCANTINOPOLIS                                                                                      ";"10";"12";"11";"33"
"172125 TUPIRAMA                                                                                            ";"1";"0";"0";"1"
"172130 TUPIRATINS                                                                                          ";"1";"1";"0";"2"
"172208 WANDERLANDIA                                                                                        ";"3";"7";"1";"11"
"172210 XAMBIOA                                                                                             ";"2";"10";"8";"20"
"210005 ACAILANDIA                                                                                          ";"42";"55";"66";"163"
"210010 AFONSO CUNHA                                                                                        ";"1";"4";"1";"6"
"210015 AGUA DOCE DO MARANHAO                                                                               ";"1";"1";"0";"2"
"210020 ALCANTARA                                                                                           ";"7";"7";"8";"22"
"210030 ALDEIAS ALTAS                                                                                       ";"3";"4";"14";"21"
"210040 ALTAMIRA DO MARANHAO                                                                                ";"2";"0";"1";"3"
"210043 ALTO ALEGRE DO MARANHAO                                                                             ";"7";"6";"3";"16"
"210047 ALTO ALEGRE DO PINDARE                                                                              ";"8";"4";"2";"14"
"210050 ALTO PARNAIBA                                                                                       ";"1";"0";"2";"3"
"210055 AMAPA DO MARANHAO                                                                                   ";"1";"1";"0";"2"
"210060 AMARANTE DO MARANHAO                                                                                ";"9";"11";"11";"31"
"210070 ANAJATUBA                                                                                           ";"18";"14";"15";"47"
"210080 ANAPURUS                                                                                            ";"1";"7";"4";"12"
"210083 APICUM-ACU                                                                                          ";"4";"5";"1";"10"
"210087 ARAGUANA                                                                                            ";"3";"0";"3";"6"
"210090 ARAIOSES                                                                                            ";"0";"1";"3";"4"
"210095 ARAME                                                                                               ";"2";"1";"3";"6"
"210100 ARARI                                                                                               ";"16";"17";"10";"43"
"210110 AXIXA                                                                                               ";"0";"0";"4";"4"
"210120 BACABAL                                                                                             ";"28";"42";"35";"105"
"210125 BACABEIRA                                                                                           ";"8";"6";"8";"22"
"210130 BACURI                                                                                              ";"2";"1";"2";"5"
"210135 BACURITUBA                                                                                          ";"0";"3";"0";"3"
"210140 BALSAS                                                                                              ";"14";"16";"25";"55"
"210150 BARAO DE GRAJAU                                                                                     ";"2";"4";"9";"15"
"210160 BARRA DO CORDA                                                                                      ";"13";"23";"35";"71"
"210170 BARREIRINHAS                                                                                        ";"10";"14";"19";"43"
"210173 BELAGUA                                                                                             ";"3";"2";"1";"6"
"210177 BELA VISTA DO MARANHAO                                                                              ";"10";"0";"0";"10"
"210180 BENEDITO LEITE                                                                                      ";"0";"1";"0";"1"
"210190 BEQUIMAO                                                                                            ";"8";"5";"4";"17"
"210193 BERNARDO DO MEARIM                                                                                  ";"1";"0";"1";"2"
"210197 BOA VISTA DO GURUPI                                                                                 ";"2";"1";"1";"4"
"210200 BOM JARDIM                                                                                          ";"7";"7";"10";"24"
"210203 BOM JESUS DAS SELVAS                                                                                ";"2";"6";"4";"12"
"210207 BOM LUGAR                                                                                           ";"0";"5";"0";"5"
"210210 BREJO                                                                                               ";"10";"9";"5";"24"
"210215 BREJO DE AREIA                                                                                      ";"2";"0";"2";"4"
"210220 BURITI                                                                                              ";"3";"3";"8";"14"
"210230 BURITI BRAVO                                                                                        ";"3";"7";"6";"16"
"210232 BURITICUPU                                                                                          ";"10";"21";"13";"44"
"210235 BURITIRANA                                                                                          ";"3";"7";"3";"13"
"210237 CACHOEIRA GRANDE                                                                                    ";"2";"0";"3";"5"
"210240 CAJAPIO                                                                                             ";"1";"4";"2";"7"
"210250 CAJARI                                                                                              ";"6";"2";"5";"13"
"210255 CAMPESTRE DO MARANHAO                                                                               ";"4";"4";"3";"11"
"210260 CANDIDO MENDES                                                                                      ";"0";"1";"2";"3"
"210270 CANTANHEDE                                                                                          ";"3";"4";"2";"9"
"210275 CAPINZAL DO NORTE                                                                                   ";"3";"1";"1";"5"
"210280 CAROLINA                                                                                            ";"1";"5";"2";"8"
"210290 CARUTAPERA                                                                                          ";"1";"1";"1";"3"
"210300 CAXIAS                                                                                              ";"62";"81";"75";"218"
"210310 CEDRAL                                                                                              ";"1";"1";"3";"5"
"210312 CENTRAL DO MARANHAO                                                                                 ";"2";"3";"0";"5"
"210315 CENTRO DO GUILHERME                                                                                 ";"0";"2";"1";"3"
"210317 CENTRO NOVO DO MARANHAO                                                                             ";"4";"2";"4";"10"
"210320 CHAPADINHA                                                                                          ";"31";"24";"35";"90"
"210325 CIDELANDIA                                                                                          ";"2";"6";"6";"14"
"210330 CODO                                                                                                ";"37";"60";"40";"137"
"210340 COELHO NETO                                                                                         ";"12";"8";"9";"29"
"210350 COLINAS                                                                                             ";"6";"10";"13";"29"
"210355 CONCEICAO DO LAGO-ACU                                                                               ";"6";"0";"1";"7"
"210360 COROATA                                                                                             ";"27";"9";"14";"50"
"210370 CURURUPU                                                                                            ";"15";"10";"11";"36"
"210375 DAVINOPOLIS                                                                                         ";"4";"3";"11";"18"
"210380 DOM PEDRO                                                                                           ";"7";"5";"8";"20"
"210390 DUQUE BACELAR                                                                                       ";"2";"2";"0";"4"
"210400 ESPERANTINOPOLIS                                                                                    ";"10";"4";"9";"23"
"210405 ESTREITO                                                                                            ";"5";"14";"23";"42"
"210407 FEIRA NOVA DO MARANHAO                                                                              ";"2";"0";"1";"3"
"210408 FERNANDO FALCAO                                                                                     ";"1";"0";"4";"5"
"210409 FORMOSA DA SERRA NEGRA                                                                              ";"5";"1";"2";"8"
"210410 FORTALEZA DOS NOGUEIRAS                                                                             ";"1";"2";"1";"4"
"210420 FORTUNA                                                                                             ";"1";"1";"5";"7"
"210430 GODOFREDO VIANA                                                                                     ";"2";"3";"3";"8"
"210440 GONCALVES DIAS                                                                                      ";"3";"3";"1";"7"
"210450 GOVERNADOR ARCHER                                                                                   ";"1";"0";"3";"4"
"210455 GOVERNADOR EDISON LOBAO                                                                             ";"5";"10";"6";"21"
"210460 GOVERNADOR EUGENIO BARROS                                                                           ";"2";"3";"3";"8"
"210462 GOVERNADOR LUIZ ROCHA                                                                               ";"3";"1";"2";"6"
"210465 GOVERNADOR NEWTON BELLO                                                                             ";"6";"2";"1";"9"
"210467 GOVERNADOR NUNES FREIRE                                                                             ";"4";"6";"4";"14"
"210470 GRACA ARANHA                                                                                        ";"3";"2";"1";"6"
"210480 GRAJAU                                                                                              ";"18";"24";"17";"59"
"210490 GUIMARAES                                                                                           ";"2";"10";"4";"16"
"210500 HUMBERTO DE CAMPOS                                                                                  ";"5";"6";"5";"16"
"210510 ICATU                                                                                               ";"5";"8";"5";"18"
"210515 IGARAPE DO MEIO                                                                                     ";"2";"1";"3";"6"
"210520 IGARAPE GRANDE                                                                                      ";"0";"1";"3";"4"
"210530 IMPERATRIZ                                                                                          ";"240";"263";"258";"761"
"210535 ITAIPAVA DO GRAJAU                                                                                  ";"4";"2";"0";"6"
"210540 ITAPECURU MIRIM                                                                                     ";"32";"32";"20";"84"
"210542 ITINGA DO MARANHAO                                                                                  ";"4";"15";"14";"33"
"210545 JATOBA                                                                                              ";"0";"0";"1";"1"
"210547 JENIPAPO DOS VIEIRAS                                                                                ";"2";"0";"2";"4"
"210550 JOAO LISBOA                                                                                         ";"9";"18";"13";"40"
"210560 JOSELANDIA                                                                                          ";"1";"1";"2";"4"
"210565 JUNCO DO MARANHAO                                                                                   ";"2";"2";"1";"5"
"210570 LAGO DA PEDRA                                                                                       ";"10";"13";"12";"35"
"210580 LAGO DO JUNCO                                                                                       ";"2";"2";"3";"7"
"210590 LAGO VERDE                                                                                          ";"9";"9";"5";"23"
"210592 LAGOA DO MATO                                                                                       ";"0";"5";"3";"8"
"210594 LAGO DOS RODRIGUES                                                                                  ";"2";"11";"3";"16"
"210596 LAGOA GRANDE DO MARANHAO                                                                            ";"3";"0";"0";"3"
"210598 LAJEADO NOVO                                                                                        ";"0";"1";"1";"2"
"210600 LIMA CAMPOS                                                                                         ";"16";"8";"3";"27"
"210610 LORETO                                                                                              ";"2";"5";"2";"9"
"210620 LUIS DOMINGUES                                                                                      ";"0";"0";"1";"1"
"210630 MAGALHAES DE ALMEIDA                                                                                ";"1";"1";"2";"4"
"210632 MARACACUME                                                                                          ";"2";"7";"3";"12"
"210635 MARAJA DO SENA                                                                                      ";"0";"1";"0";"1"
"210637 MARANHAOZINHO                                                                                       ";"3";"1";"0";"4"
"210640 MATA ROMA                                                                                           ";"7";"10";"3";"20"
"210650 MATINHA                                                                                             ";"6";"6";"7";"19"
"210660 MATOES                                                                                              ";"14";"12";"6";"32"
"210663 MATOES DO NORTE                                                                                     ";"1";"4";"3";"8"
"210667 MILAGRES DO MARANHAO                                                                                ";"0";"0";"1";"1"
"210670 MIRADOR                                                                                             ";"1";"6";"6";"13"
"210675 MIRANDA DO NORTE                                                                                    ";"13";"12";"6";"31"
"210680 MIRINZAL                                                                                            ";"3";"7";"0";"10"
"210690 MONCAO                                                                                              ";"9";"1";"6";"16"
"210700 MONTES ALTOS                                                                                        ";"3";"5";"4";"12"
"210710 MORROS                                                                                              ";"5";"5";"6";"16"
"210720 NINA RODRIGUES                                                                                      ";"6";"1";"3";"10"
"210725 NOVA COLINAS                                                                                        ";"1";"3";"0";"4"
"210730 NOVA IORQUE                                                                                         ";"3";"1";"2";"6"
"210735 NOVA OLINDA DO MARANHAO                                                                             ";"5";"5";"0";"10"
"210740 OLHO D\'AGUA DAS CUNHAS                                                                              ";"6";"4";"8";"18"
"210745 OLINDA NOVA DO MARANHAO                                                                             ";"4";"2";"4";"10"
"210750 PACO DO LUMIAR                                                                                      ";"74";"73";"49";"196"
"210760 PALMEIRANDIA                                                                                        ";"3";"5";"2";"10"
"210770 PARAIBANO                                                                                           ";"3";"8";"11";"22"
"210780 PARNARAMA                                                                                           ";"9";"8";"12";"29"
"210790 PASSAGEM FRANCA                                                                                     ";"1";"5";"5";"11"
"210800 PASTOS BONS                                                                                         ";"4";"1";"9";"14"
"210805 PAULINO NEVES                                                                                       ";"0";"2";"1";"3"
"210810 PAULO RAMOS                                                                                         ";"7";"9";"10";"26"
"210820 PEDREIRAS                                                                                           ";"7";"10";"12";"29"
"210825 PEDRO DO ROSARIO                                                                                    ";"2";"1";"2";"5"
"210830 PENALVA                                                                                             ";"6";"7";"7";"20"
"210840 PERI MIRIM                                                                                          ";"5";"1";"2";"8"
"210845 PERITORO                                                                                            ";"8";"6";"2";"16"
"210850 PINDARE-MIRIM                                                                                       ";"6";"7";"9";"22"
"210860 PINHEIRO                                                                                            ";"37";"33";"35";"105"
"210870 PIO XII                                                                                             ";"5";"7";"7";"19"
"210880 PIRAPEMAS                                                                                           ";"2";"4";"2";"8"
"210890 POCAO DE PEDRAS                                                                                     ";"6";"8";"2";"16"
"210900 PORTO FRANCO                                                                                        ";"7";"12";"8";"27"
"210905 PORTO RICO DO MARANHAO                                                                              ";"3";"1";"1";"5"
"210910 PRESIDENTE DUTRA                                                                                    ";"11";"13";"23";"47"
"210920 PRESIDENTE JUSCELINO                                                                                ";"2";"4";"2";"8"
"210927 PRESIDENTE SARNEY                                                                                   ";"8";"5";"6";"19"
"210930 PRESIDENTE VARGAS                                                                                   ";"3";"1";"2";"6"
"210940 PRIMEIRA CRUZ                                                                                       ";"2";"0";"4";"6"
"210945 RAPOSA                                                                                              ";"12";"8";"8";"28"
"210950 RIACHAO                                                                                             ";"5";"5";"5";"15"
"210955 RIBAMAR FIQUENE                                                                                     ";"2";"4";"5";"11"
"210960 ROSARIO                                                                                             ";"18";"14";"5";"37"
"210970 SAMBAIBA                                                                                            ";"1";"0";"1";"2"
"210980 SANTA HELENA                                                                                        ";"13";"10";"9";"32"
"210990 SANTA INES                                                                                          ";"22";"26";"17";"65"
"211000 SANTA LUZIA                                                                                         ";"24";"35";"23";"82"
"211003 SANTA LUZIA DO PARUA                                                                                ";"7";"5";"3";"15"
"211010 SANTA QUITERIA DO MARANHAO                                                                          ";"7";"1";"1";"9"
"211020 SANTA RITA                                                                                          ";"14";"15";"19";"48"
"211023 SANTANA DO MARANHAO                                                                                 ";"2";"3";"1";"6"
"211027 SANTO AMARO DO MARANHAO                                                                             ";"6";"4";"2";"12"
"211030 SANTO ANTONIO DOS LOPES                                                                             ";"0";"3";"1";"4"
"211040 SAO BENEDITO DO RIO PRETO                                                                           ";"6";"3";"3";"12"
"211050 SAO BENTO                                                                                           ";"7";"9";"5";"21"
"211060 SAO BERNARDO                                                                                        ";"4";"5";"2";"11"
"211065 SAO DOMINGOS DO AZEITAO                                                                             ";"2";"0";"1";"3"
"211070 SAO DOMINGOS DO MARANHAO                                                                            ";"7";"7";"2";"16"
"211085 SAO FRANCISCO DO BREJAO                                                                             ";"3";"2";"2";"7"
"211090 SAO FRANCISCO DO MARANHAO                                                                           ";"1";"0";"3";"4"
"211100 SAO JOAO BATISTA                                                                                    ";"2";"4";"1";"7"
"211105 SAO JOAO DO PARAISO                                                                                 ";"4";"2";"8";"14"
"211107 SAO JOAO DO SOTER                                                                                   ";"4";"8";"8";"20"
"211110 SAO JOAO DOS PATOS                                                                                  ";"11";"10";"3";"24"
"211120 SAO JOSE DE RIBAMAR                                                                                 ";"99";"84";"80";"263"
"211125 SAO JOSE DOS BASILIOS                                                                               ";"2";"0";"1";"3"
"211130 SAO LUIS                                                                                            ";"1243";"1363";"1466";"4072"
"211140 SAO LUIS GONZAGA DO MARANHAO                                                                        ";"4";"2";"3";"9"
"211150 SAO MATEUS DO MARANHAO                                                                              ";"13";"9";"3";"25"
"211153 SAO PEDRO DA AGUA BRANCA                                                                            ";"3";"4";"4";"11"
"211157 SAO PEDRO DOS CRENTES                                                                               ";"0";"0";"2";"2"
"211160 SAO RAIMUNDO DAS MANGABEIRAS                                                                        ";"3";"1";"4";"8"
"211163 SAO RAIMUNDO DO DOCA BEZERRA                                                                        ";"0";"1";"0";"1"
"211167 SAO ROBERTO                                                                                         ";"0";"0";"2";"2"
"211170 SAO VICENTE FERRER                                                                                  ";"1";"1";"1";"3"
"211172 SATUBINHA                                                                                           ";"2";"5";"2";"9"
"211176 SENADOR LA ROCQUE                                                                                   ";"2";"7";"5";"14"
"211178 SERRANO DO MARANHAO                                                                                 ";"1";"1";"1";"3"
"211180 SITIO NOVO                                                                                          ";"3";"4";"5";"12"
"211190 SUCUPIRA DO NORTE                                                                                   ";"3";"5";"1";"9"
"211195 SUCUPIRA DO RIACHAO                                                                                 ";"1";"2";"0";"3"
"211200 TASSO FRAGOSO                                                                                       ";"0";"0";"1";"1"
"211210 TIMBIRAS                                                                                            ";"6";"5";"6";"17"
"211220 TIMON                                                                                               ";"60";"72";"86";"218"
"211223 TRIZIDELA DO VALE                                                                                   ";"2";"4";"4";"10"
"211227 TUFILANDIA                                                                                          ";"4";"0";"1";"5"
"211230 TUNTUM                                                                                              ";"18";"10";"11";"39"
"211240 TURIACU                                                                                             ";"1";"2";"4";"7"
"211245 TURILANDIA                                                                                          ";"5";"3";"1";"9"
"211250 TUTOIA                                                                                              ";"7";"6";"6";"19"
"211260 URBANO SANTOS                                                                                       ";"9";"11";"3";"23"
"211270 VARGEM GRANDE                                                                                       ";"11";"7";"13";"31"
"211280 VIANA                                                                                               ";"10";"24";"24";"58"
"211285 VILA NOVA DOS MARTIRIOS                                                                             ";"2";"1";"2";"5"
"211290 VITORIA DO MEARIM                                                                                   ";"10";"14";"10";"34"
"211300 VITORINO FREIRE                                                                                     ";"9";"7";"14";"30"
"211400 ZE DOCA                                                                                             ";"15";"9";"11";"35"
"220005 ACAUA                                                                                               ";"1";"4";"0";"5"
"220010 AGRICOLANDIA                                                                                        ";"4";"7";"4";"15"
"220020 AGUA BRANCA                                                                                         ";"7";"9";"7";"23"
"220025 ALAGOINHA DO PIAUI                                                                                  ";"2";"7";"4";"13"
"220027 ALEGRETE DO PIAUI                                                                                   ";"2";"4";"2";"8"
"220030 ALTO LONGA                                                                                          ";"9";"5";"2";"16"
"220040 ALTOS                                                                                               ";"14";"27";"22";"63"
"220045 ALVORADA DO GURGUEIA                                                                                ";"2";"3";"2";"7"
"220050 AMARANTE                                                                                            ";"5";"10";"9";"24"
"220060 ANGICAL DO PIAUI                                                                                    ";"7";"5";"1";"13"
"220070 ANISIO DE ABREU                                                                                     ";"3";"3";"2";"8"
"220080 ANTONIO ALMEIDA                                                                                     ";"2";"2";"3";"7"
"220090 AROAZES                                                                                             ";"5";"2";"7";"14"
"220095 AROEIRAS DO ITAIM                                                                                   ";"1";"1";"3";"5"
"220100 ARRAIAL                                                                                             ";"2";"1";"0";"3"
"220105 ASSUNCAO DO PIAUI                                                                                   ";"3";"0";"3";"6"
"220110 AVELINO LOPES                                                                                       ";"4";"9";"2";"15"
"220115 BAIXA GRANDE DO RIBEIRO                                                                             ";"4";"5";"1";"10"
"220117 BARRA D\'ALCANTARA                                                                                   ";"3";"5";"0";"8"
"220120 BARRAS                                                                                              ";"24";"19";"25";"68"
"220130 BARREIRAS DO PIAUI                                                                                  ";"2";"3";"2";"7"
"220140 BARRO DURO                                                                                          ";"7";"4";"2";"13"
"220150 BATALHA                                                                                             ";"12";"17";"8";"37"
"220155 BELA VISTA DO PIAUI                                                                                 ";"3";"1";"1";"5"
"220157 BELEM DO PIAUI                                                                                      ";"2";"0";"1";"3"
"220160 BENEDITINOS                                                                                         ";"4";"7";"8";"19"
"220170 BERTOLINIA                                                                                          ";"6";"1";"5";"12"
"220173 BETANIA DO PIAUI                                                                                    ";"2";"3";"4";"9"
"220177 BOA HORA                                                                                            ";"4";"0";"2";"6"
"220180 BOCAINA                                                                                             ";"3";"2";"3";"8"
"220190 BOM JESUS                                                                                           ";"10";"12";"12";"34"
"220191 BOM PRINCIPIO DO PIAUI                                                                              ";"2";"1";"2";"5"
"220192 BONFIM DO PIAUI                                                                                     ";"3";"2";"2";"7"
"220194 BOQUEIRAO DO PIAUI                                                                                  ";"3";"3";"2";"8"
"220196 BRASILEIRA                                                                                          ";"5";"6";"2";"13"
"220198 BREJO DO PIAUI                                                                                      ";"1";"1";"2";"4"
"220200 BURITI DOS LOPES                                                                                    ";"5";"11";"6";"22"
"220202 BURITI DOS MONTES                                                                                   ";"8";"4";"3";"15"
"220205 CABECEIRAS DO PIAUI                                                                                 ";"4";"4";"3";"11"
"220207 CAJAZEIRAS DO PIAUI                                                                                 ";"2";"2";"3";"7"
"220208 CAJUEIRO DA PRAIA                                                                                   ";"2";"2";"3";"7"
"220209 CALDEIRAO GRANDE DO PIAUI                                                                           ";"3";"4";"2";"9"
"220210 CAMPINAS DO PIAUI                                                                                   ";"2";"2";"2";"6"
"220211 CAMPO ALEGRE DO FIDALGO                                                                             ";"2";"4";"4";"10"
"220213 CAMPO GRANDE DO PIAUI                                                                               ";"2";"2";"3";"7"
"220217 CAMPO LARGO DO PIAUI                                                                                ";"2";"6";"3";"11"
"220220 CAMPO MAIOR                                                                                         ";"29";"43";"35";"107"
"220225 CANAVIEIRA                                                                                          ";"4";"2";"1";"7"
"220230 CANTO DO BURITI                                                                                     ";"11";"11";"19";"41"
"220240 CAPITAO DE CAMPOS                                                                                   ";"5";"6";"8";"19"
"220245 CAPITAO GERVASIO OLIVEIRA                                                                           ";"2";"0";"0";"2"
"220250 CARACOL                                                                                             ";"1";"5";"2";"8"
"220253 CARAUBAS DO PIAUI                                                                                   ";"3";"1";"0";"4"
"220255 CARIDADE DO PIAUI                                                                                   ";"1";"2";"2";"5"
"220260 CASTELO DO PIAUI                                                                                    ";"12";"13";"7";"32"
"220265 CAXINGO                                                                                             ";"2";"1";"1";"4"
"220270 COCAL                                                                                               ";"9";"11";"14";"34"
"220271 COCAL DE TELHA                                                                                      ";"5";"0";"0";"5"
"220272 COCAL DOS ALVES                                                                                     ";"1";"3";"5";"9"
"220275 COLONIA DO GURGUEIA                                                                                 ";"3";"2";"3";"8"
"220277 COLONIA DO PIAUI                                                                                    ";"4";"4";"0";"8"
"220280 CONCEICAO DO CANINDE                                                                                ";"2";"6";"1";"9"
"220285 CORONEL JOSE DIAS                                                                                   ";"0";"3";"1";"4"
"220290 CORRENTE                                                                                            ";"8";"15";"14";"37"
"220300 CRISTALANDIA DO PIAUI                                                                               ";"1";"4";"0";"5"
"220310 CRISTINO CASTRO                                                                                     ";"6";"3";"2";"11"
"220320 CURIMATA                                                                                            ";"2";"4";"3";"9"
"220323 CURRAIS                                                                                             ";"1";"3";"4";"8"
"220325 CURRALINHOS                                                                                         ";"1";"3";"0";"4"
"220327 CURRAL NOVO DO PIAUI                                                                                ";"1";"4";"0";"5"
"220330 DEMERVAL LOBAO                                                                                      ";"8";"7";"10";"25"
"220335 DIRCEU ARCOVERDE                                                                                    ";"2";"2";"4";"8"
"220340 DOM EXPEDITO LOPES                                                                                  ";"1";"6";"4";"11"
"220342 DOMINGOS MOURAO                                                                                     ";"2";"0";"2";"4"
"220345 DOM INOCENCIO                                                                                       ";"2";"3";"4";"9"
"220350 ELESBAO VELOSO                                                                                      ";"9";"6";"6";"21"
"220360 ELISEU MARTINS                                                                                      ";"4";"0";"5";"9"
"220370 ESPERANTINA                                                                                         ";"16";"30";"24";"70"
"220375 FARTURA DO PIAUI                                                                                    ";"3";"3";"2";"8"
"220380 FLORES DO PIAUI                                                                                     ";"1";"1";"2";"4"
"220385 FLORESTA DO PIAUI                                                                                   ";"0";"0";"3";"3"
"220390 FLORIANO                                                                                            ";"34";"40";"48";"122"
"220400 FRANCINOPOLIS                                                                                       ";"4";"5";"5";"14"
"220410 FRANCISCO AYRES                                                                                     ";"1";"4";"3";"8"
"220415 FRANCISCO MACEDO                                                                                    ";"0";"3";"3";"6"
"220420 FRANCISCO SANTOS                                                                                    ";"2";"3";"4";"9"
"220430 FRONTEIRAS                                                                                          ";"1";"8";"11";"20"
"220435 GEMINIANO                                                                                           ";"7";"2";"4";"13"
"220440 GILBUES                                                                                             ";"0";"1";"4";"5"
"220450 GUADALUPE                                                                                           ";"3";"10";"5";"18"
"220455 GUARIBAS                                                                                            ";"1";"0";"0";"1"
"220460 HUGO NAPOLEAO                                                                                       ";"2";"2";"3";"7"
"220465 ILHA GRANDE                                                                                         ";"4";"9";"4";"17"
"220470 INHUMA                                                                                              ";"4";"9";"12";"25"
"220480 IPIRANGA DO PIAUI                                                                                   ";"6";"4";"8";"18"
"220490 ISAIAS COELHO                                                                                       ";"7";"7";"3";"17"
"220500 ITAINOPOLIS                                                                                         ";"9";"6";"5";"20"
"220510 ITAUEIRA                                                                                            ";"3";"2";"7";"12"
"220515 JACOBINA DO PIAUI                                                                                   ";"2";"2";"4";"8"
"220520 JAICOS                                                                                              ";"7";"8";"7";"22"
"220525 JARDIM DO MULATO                                                                                    ";"1";"4";"1";"6"
"220527 JATOBA DO PIAUI                                                                                     ";"3";"3";"3";"9"
"220530 JERUMENHA                                                                                           ";"3";"5";"3";"11"
"220535 JOAO COSTA                                                                                          ";"2";"0";"7";"9"
"220540 JOAQUIM PIRES                                                                                       ";"3";"2";"4";"9"
"220545 JOCA MARQUES                                                                                        ";"3";"1";"5";"9"
"220550 JOSE DE FREITAS                                                                                     ";"13";"18";"16";"47"
"220551 JUAZEIRO DO PIAUI                                                                                   ";"0";"4";"0";"4"
"220552 JULIO BORGES                                                                                        ";"6";"1";"6";"13"
"220553 JUREMA                                                                                              ";"1";"2";"2";"5"
"220554 LAGOINHA DO PIAUI                                                                                   ";"0";"1";"1";"2"
"220555 LAGOA ALEGRE                                                                                        ";"3";"3";"3";"9"
"220556 LAGOA DO BARRO DO PIAUI                                                                             ";"3";"2";"3";"8"
"220557 LAGOA DE SAO FRANCISCO                                                                              ";"1";"5";"1";"7"
"220558 LAGOA DO PIAUI                                                                                      ";"1";"3";"3";"7"
"220559 LAGOA DO SITIO                                                                                      ";"3";"2";"2";"7"
"220560 LANDRI SALES                                                                                        ";"5";"3";"6";"14"
"220570 LUIS CORREIA                                                                                        ";"12";"19";"13";"44"
"220580 LUZILANDIA                                                                                          ";"11";"18";"21";"50"
"220585 MADEIRO                                                                                             ";"0";"8";"6";"14"
"220590 MANOEL EMIDIO                                                                                       ";"4";"6";"3";"13"
"220595 MARCOLANDIA                                                                                         ";"8";"1";"10";"19"
"220600 MARCOS PARENTE                                                                                      ";"2";"3";"2";"7"
"220605 MASSAPE DO PIAUI                                                                                    ";"4";"5";"4";"13"
"220610 MATIAS OLIMPIO                                                                                      ";"5";"7";"5";"17"
"220620 MIGUEL ALVES                                                                                        ";"11";"16";"6";"33"
"220630 MIGUEL LEAO                                                                                         ";"2";"0";"0";"2"
"220635 MILTON BRANDAO                                                                                      ";"6";"4";"4";"14"
"220640 MONSENHOR GIL                                                                                       ";"5";"5";"7";"17"
"220650 MONSENHOR HIPOLITO                                                                                  ";"3";"3";"3";"9"
"220660 MONTE ALEGRE DO PIAUI                                                                               ";"3";"7";"1";"11"
"220665 MORRO CABECA NO TEMPO                                                                               ";"0";"1";"1";"2"
"220667 MORRO DO CHAPEU DO PIAUI                                                                            ";"4";"1";"4";"9"
"220669 MURICI DOS PORTELAS                                                                                 ";"2";"2";"2";"6"
"220670 NAZARE DO PIAUI                                                                                     ";"8";"7";"3";"18"
"220672 NAZARIA                                                                                             ";"1";"3";"3";"7"
"220675 NOSSA SENHORA DE NAZARE                                                                             ";"2";"1";"1";"4"
"220680 NOSSA SENHORA DOS REMEDIOS                                                                          ";"4";"3";"3";"10"
"220690 NOVO ORIENTE DO PIAUI                                                                               ";"2";"4";"0";"6"
"220695 NOVO SANTO ANTONIO                                                                                  ";"0";"2";"3";"5"
"220700 OEIRAS                                                                                              ";"18";"19";"16";"53"
"220710 OLHO D\'AGUA DO PIAUI                                                                                ";"1";"3";"0";"4"
"220720 PADRE MARCOS                                                                                        ";"1";"1";"5";"7"
"220730 PAES LANDIM                                                                                         ";"3";"4";"0";"7"
"220735 PAJEU DO PIAUI                                                                                      ";"2";"1";"3";"6"
"220740 PALMEIRA DO PIAUI                                                                                   ";"2";"1";"0";"3"
"220750 PALMEIRAIS                                                                                          ";"8";"8";"5";"21"
"220755 PAQUETA                                                                                             ";"1";"4";"3";"8"
"220760 PARNAGUA                                                                                            ";"2";"1";"0";"3"
"220770 PARNAIBA                                                                                            ";"102";"122";"94";"318"
"220775 PASSAGEM FRANCA DO PIAUI                                                                            ";"3";"1";"7";"11"
"220777 PATOS DO PIAUI                                                                                      ";"3";"5";"1";"9"
"220779 PAU D\'ARCO DO PIAUI                                                                                 ";"1";"2";"2";"5"
"220780 PAULISTANA                                                                                          ";"22";"12";"4";"38"
"220785 PAVUSSU                                                                                             ";"1";"3";"3";"7"
"220790 PEDRO II                                                                                            ";"21";"23";"23";"67"
"220793 PEDRO LAURENTINO                                                                                    ";"0";"2";"0";"2"
"220795 NOVA SANTA RITA                                                                                     ";"3";"0";"3";"6"
"220800 PICOS                                                                                               ";"43";"42";"33";"118"
"220810 PIMENTEIRAS                                                                                         ";"4";"6";"7";"17"
"220820 PIO IX                                                                                              ";"10";"8";"11";"29"
"220830 PIRACURUCA                                                                                          ";"16";"9";"13";"38"
"220840 PIRIPIRI                                                                                            ";"36";"39";"42";"117"
"220850 PORTO                                                                                               ";"7";"4";"5";"16"
"220855 PORTO ALEGRE DO PIAUI                                                                               ";"1";"1";"1";"3"
"220860 PRATA DO PIAUI                                                                                      ";"1";"0";"0";"1"
"220865 QUEIMADA NOVA                                                                                       ";"1";"6";"4";"11"
"220870 REDENCAO DO GURGUEIA                                                                                ";"5";"2";"3";"10"
"220880 REGENERACAO                                                                                         ";"7";"5";"8";"20"
"220885 RIACHO FRIO                                                                                         ";"0";"2";"2";"4"
"220887 RIBEIRA DO PIAUI                                                                                    ";"1";"1";"2";"4"
"220890 RIBEIRO GONCALVES                                                                                   ";"2";"4";"0";"6"
"220900 RIO GRANDE DO PIAUI                                                                                 ";"2";"4";"5";"11"
"220910 SANTA CRUZ DO PIAUI                                                                                 ";"2";"4";"8";"14"
"220915 SANTA CRUZ DOS MILAGRES                                                                             ";"0";"2";"2";"4"
"220920 SANTA FILOMENA                                                                                      ";"3";"3";"1";"7"
"220930 SANTA LUZ                                                                                           ";"1";"5";"3";"9"
"220935 SANTANA DO PIAUI                                                                                    ";"1";"6";"4";"11"
"220937 SANTA ROSA DO PIAUI                                                                                 ";"1";"3";"5";"9"
"220940 SANTO ANTONIO DE LISBOA                                                                             ";"7";"5";"2";"14"
"220950 SANTO INACIO DO PIAUI                                                                               ";"4";"2";"7";"13"
"220955 SAO BRAZ DO PIAUI                                                                                   ";"2";"3";"1";"6"
"220960 SAO FELIX DO PIAUI                                                                                  ";"0";"3";"5";"8"
"220965 SAO FRANCISCO DE ASSIS DO PIAUI                                                                     ";"0";"5";"2";"7"
"220970 SAO FRANCISCO DO PIAUI                                                                              ";"8";"3";"1";"12"
"220975 SAO GONCALO DO GURGUEIA                                                                             ";"0";"2";"1";"3"
"220980 SAO GONCALO DO PIAUI                                                                                ";"1";"3";"3";"7"
"220985 SAO JOAO DA CANABRAVA                                                                               ";"1";"4";"3";"8"
"220987 SAO JOAO DA FRONTEIRA                                                                               ";"1";"5";"3";"9"
"220990 SAO JOAO DA SERRA                                                                                   ";"8";"5";"7";"20"
"220995 SAO JOAO DA VARJOTA                                                                                 ";"2";"4";"5";"11"
"220997 SAO JOAO DO ARRAIAL                                                                                 ";"5";"7";"5";"17"
"221000 SAO JOAO DO PIAUI                                                                                   ";"8";"9";"11";"28"
"221005 SAO JOSE DO DIVINO                                                                                  ";"5";"5";"3";"13"
"221010 SAO JOSE DO PEIXE                                                                                   ";"3";"2";"3";"8"
"221020 SAO JOSE DO PIAUI                                                                                   ";"1";"5";"2";"8"
"221030 SAO JULIAO                                                                                          ";"4";"3";"1";"8"
"221035 SAO LOURENCO DO PIAUI                                                                               ";"4";"7";"2";"13"
"221037 SAO LUIS DO PIAUI                                                                                   ";"1";"2";"0";"3"
"221038 SAO MIGUEL DA BAIXA GRANDE                                                                          ";"1";"1";"0";"2"
"221039 SAO MIGUEL DO FIDALGO                                                                               ";"3";"3";"0";"6"
"221040 SAO MIGUEL DO TAPUIO                                                                                ";"6";"9";"3";"18"
"221050 SAO PEDRO DO PIAUI                                                                                  ";"5";"10";"5";"20"
"221060 SAO RAIMUNDO NONATO                                                                                 ";"12";"30";"19";"61"
"221062 SEBASTIAO BARROS                                                                                    ";"2";"1";"3";"6"
"221063 SEBASTIAO LEAL                                                                                      ";"2";"1";"3";"6"
"221065 SIGEFREDO PACHECO                                                                                   ";"4";"5";"4";"13"
"221070 SIMOES                                                                                              ";"6";"4";"4";"14"
"221080 SIMPLICIO MENDES                                                                                    ";"5";"9";"7";"21"
"221090 SOCORRO DO PIAUI                                                                                    ";"0";"2";"3";"5"
"221093 SUSSUAPARA                                                                                          ";"4";"7";"6";"17"
"221095 TAMBORIL DO PIAUI                                                                                   ";"2";"2";"0";"4"
"221097 TANQUE DO PIAUI                                                                                     ";"3";"3";"1";"7"
"221100 TERESINA                                                                                            ";"1179";"904";"951";"3034"
"221110 UNIAO                                                                                               ";"15";"26";"19";"60"
"221120 URUCUI                                                                                              ";"13";"13";"11";"37"
"221130 VALENCA DO PIAUI                                                                                    ";"9";"13";"13";"35"
"221135 VARZEA BRANCA                                                                                       ";"2";"5";"3";"10"
"221140 VARZEA GRANDE                                                                                       ";"2";"7";"2";"11"
"221150 VERA MENDES                                                                                         ";"2";"3";"3";"8"
"221160 VILA NOVA DO PIAUI                                                                                  ";"3";"2";"3";"8"
"221170 WALL FERRAZ                                                                                         ";"0";"2";"1";"3"
"230010 ABAIARA                                                                                             ";"3";"11";"10";"24"
"230015 ACARAPE                                                                                             ";"10";"14";"7";"31"
"230020 ACARAU                                                                                              ";"33";"30";"30";"93"
"230030 ACOPIARA                                                                                            ";"29";"33";"26";"88"
"230040 AIUABA                                                                                              ";"7";"6";"2";"15"
"230050 ALCANTARAS                                                                                          ";"4";"7";"12";"23"
"230060 ALTANEIRA                                                                                           ";"1";"4";"6";"11"
"230070 ALTO SANTO                                                                                          ";"12";"15";"10";"37"
"230075 AMONTADA                                                                                            ";"11";"15";"13";"39"
"230080 ANTONINA DO NORTE                                                                                   ";"8";"6";"5";"19"
"230090 APUIARES                                                                                            ";"7";"6";"8";"21"
"230100 AQUIRAZ                                                                                             ";"75";"64";"55";"194"
"230110 ARACATI                                                                                             ";"38";"60";"60";"158"
"230120 ARACOIABA                                                                                           ";"20";"25";"28";"73"
"230125 ARARENDA                                                                                            ";"2";"4";"9";"15"
"230130 ARARIPE                                                                                             ";"4";"8";"12";"24"
"230140 ARATUBA                                                                                             ";"11";"8";"9";"28"
"230150 ARNEIROZ                                                                                            ";"3";"3";"11";"17"
"230160 ASSARE                                                                                              ";"11";"12";"20";"43"
"230170 AURORA                                                                                              ";"4";"19";"23";"46"
"230180 BAIXIO                                                                                              ";"0";"2";"5";"7"
"230185 BANABUIU                                                                                            ";"9";"14";"8";"31"
"230190 BARBALHA                                                                                            ";"101";"114";"116";"331"
"230195 BARREIRA                                                                                            ";"17";"13";"17";"47"
"230200 BARRO                                                                                               ";"16";"24";"16";"56"
"230205 BARROQUINHA                                                                                         ";"6";"5";"7";"18"
"230210 BATURITE                                                                                            ";"32";"19";"35";"86"
"230220 BEBERIBE                                                                                            ";"27";"31";"28";"86"
"230230 BELA CRUZ                                                                                           ";"14";"10";"7";"31"
"230240 BOA VIAGEM                                                                                          ";"28";"25";"34";"87"
"230250 BREJO SANTO                                                                                         ";"31";"32";"47";"110"
"230260 CAMOCIM                                                                                             ";"28";"27";"39";"94"
"230270 CAMPOS SALES                                                                                        ";"15";"11";"16";"42"
"230280 CANINDE                                                                                             ";"52";"61";"57";"170"
"230290 CAPISTRANO                                                                                          ";"6";"18";"15";"39"
"230300 CARIDADE                                                                                            ";"9";"15";"8";"32"
"230310 CARIRE                                                                                              ";"14";"16";"8";"38"
"230320 CARIRIACU                                                                                           ";"19";"20";"21";"60"
"230330 CARIUS                                                                                              ";"16";"8";"8";"32"
"230340 CARNAUBAL                                                                                           ";"5";"12";"9";"26"
"230350 CASCAVEL                                                                                            ";"38";"55";"69";"162"
"230360 CATARINA                                                                                            ";"8";"9";"6";"23"
"230365 CATUNDA                                                                                             ";"8";"2";"8";"18"
"230370 CAUCAIA                                                                                             ";"231";"232";"246";"709"
"230380 CEDRO                                                                                               ";"11";"20";"24";"55"
"230390 CHAVAL                                                                                              ";"7";"6";"4";"17"
"230393 CHORO                                                                                               ";"7";"3";"7";"17"
"230395 CHOROZINHO                                                                                          ";"8";"10";"17";"35"
"230400 COREAU                                                                                              ";"9";"7";"16";"32"
"230410 CRATEUS                                                                                             ";"72";"84";"77";"233"
"230420 CRATO                                                                                               ";"87";"85";"115";"287"
"230423 CROATA                                                                                              ";"8";"10";"13";"31"
"230425 CRUZ                                                                                                ";"17";"11";"7";"35"
"230426 DEPUTADO IRAPUAN PINHEIRO                                                                           ";"2";"6";"12";"20"
"230427 ERERE                                                                                               ";"3";"6";"10";"19"
"230428 EUSEBIO                                                                                             ";"45";"62";"47";"154"
"230430 FARIAS BRITO                                                                                        ";"14";"22";"16";"52"
"230435 FORQUILHA                                                                                           ";"15";"14";"17";"46"
"230440 FORTALEZA                                                                                           ";"3390";"3268";"3014";"9672"
"230445 FORTIM                                                                                              ";"7";"12";"15";"34"
"230450 FRECHEIRINHA                                                                                        ";"5";"9";"7";"21"
"230460 GENERAL SAMPAIO                                                                                     ";"7";"6";"6";"19"
"230465 GRACA                                                                                               ";"19";"8";"6";"33"
"230470 GRANJA                                                                                              ";"13";"14";"19";"46"
"230480 GRANJEIRO                                                                                           ";"2";"3";"5";"10"
"230490 GROAIRAS                                                                                            ";"14";"6";"8";"28"
"230495 GUAIUBA                                                                                             ";"8";"15";"14";"37"
"230500 GUARACIABA DO NORTE                                                                                 ";"20";"33";"18";"71"
"230510 GUARAMIRANGA                                                                                        ";"0";"6";"3";"9"
"230520 HIDROLANDIA                                                                                         ";"15";"13";"12";"40"
"230523 HORIZONTE                                                                                           ";"57";"54";"55";"166"
"230526 IBARETAMA                                                                                           ";"4";"7";"8";"19"
"230530 IBIAPINA                                                                                            ";"14";"10";"10";"34"
"230533 IBICUITINGA                                                                                         ";"11";"5";"16";"32"
"230535 ICAPUI                                                                                              ";"11";"16";"8";"35"
"230540 ICO                                                                                                 ";"39";"43";"49";"131"
"230550 IGUATU                                                                                              ";"59";"87";"72";"218"
"230560 INDEPENDENCIA                                                                                       ";"6";"19";"10";"35"
"230565 IPAPORANGA                                                                                          ";"3";"6";"21";"30"
"230570 IPAUMIRIM                                                                                           ";"5";"9";"6";"20"
"230580 IPU                                                                                                 ";"13";"26";"30";"69"
"230590 IPUEIRAS                                                                                            ";"19";"34";"20";"73"
"230600 IRACEMA                                                                                             ";"10";"7";"7";"24"
"230610 IRAUCUBA                                                                                            ";"10";"19";"12";"41"
"230620 ITAICABA                                                                                            ";"9";"6";"8";"23"
"230625 ITAITINGA                                                                                           ";"21";"36";"32";"89"
"230630 ITAPAGE                                                                                             ";"17";"33";"37";"87"
"230640 ITAPIPOCA                                                                                           ";"65";"73";"74";"212"
"230650 ITAPIUNA                                                                                            ";"15";"5";"7";"27"
"230655 ITAREMA                                                                                             ";"7";"14";"18";"39"
"230660 ITATIRA                                                                                             ";"4";"8";"10";"22"
"230670 JAGUARETAMA                                                                                         ";"19";"14";"17";"50"
"230680 JAGUARIBARA                                                                                         ";"3";"8";"4";"15"
"230690 JAGUARIBE                                                                                           ";"24";"28";"29";"81"
"230700 JAGUARUANA                                                                                          ";"28";"28";"20";"76"
"230710 JARDIM                                                                                              ";"15";"20";"18";"53"
"230720 JATI                                                                                                ";"5";"8";"11";"24"
"230725 JIJOCA DE JERICOACOARA                                                                              ";"10";"6";"11";"27"
"230730 JUAZEIRO DO NORTE                                                                                   ";"138";"186";"215";"539"
"230740 JUCAS                                                                                               ";"11";"18";"16";"45"
"230750 LAVRAS DA MANGABEIRA                                                                                ";"19";"24";"19";"62"
"230760 LIMOEIRO DO NORTE                                                                                   ";"49";"57";"57";"163"
"230763 MADALENA                                                                                            ";"9";"15";"9";"33"
"230765 MARACANAU                                                                                           ";"196";"162";"197";"555"
"230770 MARANGUAPE                                                                                          ";"60";"75";"71";"206"
"230780 MARCO                                                                                               ";"18";"11";"4";"33"
"230790 MARTINOPOLE                                                                                         ";"3";"1";"5";"9"
"230800 MASSAPE                                                                                             ";"19";"19";"24";"62"
"230810 MAURITI                                                                                             ";"24";"26";"30";"80"
"230820 MERUOCA                                                                                             ";"11";"2";"8";"21"
"230830 MILAGRES                                                                                            ";"14";"17";"14";"45"
"230835 MILHA                                                                                               ";"5";"11";"5";"21"
"230837 MIRAIMA                                                                                             ";"4";"8";"9";"21"
"230840 MISSAO VELHA                                                                                        ";"23";"29";"19";"71"
"230850 MOMBACA                                                                                             ";"26";"29";"27";"82"
"230860 MONSENHOR TABOSA                                                                                    ";"7";"12";"13";"32"
"230870 MORADA NOVA                                                                                         ";"49";"57";"64";"170"
"230880 MORAUJO                                                                                             ";"4";"9";"9";"22"
"230890 MORRINHOS                                                                                           ";"11";"9";"10";"30"
"230900 MUCAMBO                                                                                             ";"4";"10";"9";"23"
"230910 MULUNGU                                                                                             ";"5";"9";"2";"16"
"230920 NOVA OLINDA                                                                                         ";"7";"10";"13";"30"
"230930 NOVA RUSSAS                                                                                         ";"24";"14";"23";"61"
"230940 NOVO ORIENTE                                                                                        ";"8";"11";"15";"34"
"230945 OCARA                                                                                               ";"13";"13";"20";"46"
"230950 OROS                                                                                                ";"16";"14";"13";"43"
"230960 PACAJUS                                                                                             ";"41";"52";"40";"133"
"230970 PACATUBA                                                                                            ";"45";"41";"40";"126"
"230980 PACOTI                                                                                              ";"10";"13";"6";"29"
"230990 PACUJA                                                                                              ";"3";"4";"5";"12"
"231000 PALHANO                                                                                             ";"8";"13";"10";"31"
"231010 PALMACIA                                                                                            ";"1";"6";"6";"13"
"231020 PARACURU                                                                                            ";"22";"25";"29";"76"
"231025 PARAIPABA                                                                                           ";"22";"34";"17";"73"
"231030 PARAMBU                                                                                             ";"18";"16";"19";"53"
"231040 PARAMOTI                                                                                            ";"3";"7";"8";"18"
"231050 PEDRA BRANCA                                                                                        ";"18";"37";"32";"87"
"231060 PENAFORTE                                                                                           ";"12";"15";"14";"41"
"231070 PENTECOSTE                                                                                          ";"24";"33";"21";"78"
"231080 PEREIRO                                                                                             ";"8";"10";"8";"26"
"231085 PINDORETAMA                                                                                         ";"15";"17";"16";"48"
"231090 PIQUET CARNEIRO                                                                                     ";"7";"15";"9";"31"
"231095 PIRES FERREIRA                                                                                      ";"6";"5";"3";"14"
"231100 PORANGA                                                                                             ";"4";"4";"6";"14"
"231110 PORTEIRAS                                                                                           ";"10";"8";"9";"27"
"231120 POTENGI                                                                                             ";"3";"4";"6";"13"
"231123 POTIRETAMA                                                                                          ";"9";"7";"4";"20"
"231126 QUITERIANOPOLIS                                                                                     ";"7";"16";"21";"44"
"231130 QUIXADA                                                                                             ";"53";"54";"65";"172"
"231135 QUIXELO                                                                                             ";"22";"23";"14";"59"
"231140 QUIXERAMOBIM                                                                                        ";"44";"56";"70";"170"
"231150 QUIXERE                                                                                             ";"10";"14";"11";"35"
"231160 REDENCAO                                                                                            ";"14";"17";"14";"45"
"231170 RERIUTABA                                                                                           ";"19";"13";"11";"43"
"231180 RUSSAS                                                                                              ";"48";"73";"65";"186"
"231190 SABOEIRO                                                                                            ";"5";"13";"11";"29"
"231195 SALITRE                                                                                             ";"11";"6";"8";"25"
"231200 SANTANA DO ACARAU                                                                                   ";"7";"17";"25";"49"
"231210 SANTANA DO CARIRI                                                                                   ";"6";"11";"11";"28"
"231220 SANTA QUITERIA                                                                                      ";"28";"21";"23";"72"
"231230 SAO BENEDITO                                                                                        ";"16";"17";"26";"59"
"231240 SAO GONCALO DO AMARANTE                                                                             ";"37";"41";"33";"111"
"231250 SAO JOAO DO JAGUARIBE                                                                               ";"6";"7";"14";"27"
"231260 SAO LUIS DO CURU                                                                                    ";"12";"15";"8";"35"
"231270 SENADOR POMPEU                                                                                      ";"26";"31";"13";"70"
"231280 SENADOR SA                                                                                          ";"5";"3";"2";"10"
"231290 SOBRAL                                                                                              ";"168";"152";"160";"480"
"231300 SOLONOPOLE                                                                                          ";"16";"13";"17";"46"
"231310 TABULEIRO DO NORTE                                                                                  ";"35";"33";"24";"92"
"231320 TAMBORIL                                                                                            ";"20";"14";"20";"54"
"231325 TARRAFAS                                                                                            ";"5";"8";"4";"17"
"231330 TAUA                                                                                                ";"44";"48";"37";"129"
"231335 TEJUCUOCA                                                                                           ";"17";"10";"11";"38"
"231340 TIANGUA                                                                                             ";"36";"32";"43";"111"
"231350 TRAIRI                                                                                              ";"18";"25";"27";"70"
"231355 TURURU                                                                                              ";"3";"13";"11";"27"
"231360 UBAJARA                                                                                             ";"18";"14";"14";"46"
"231370 UMARI                                                                                               ";"5";"7";"10";"22"
"231375 UMIRIM                                                                                              ";"7";"13";"8";"28"
"231380 URUBURETAMA                                                                                         ";"11";"9";"14";"34"
"231390 URUOCA                                                                                              ";"6";"6";"5";"17"
"231395 VARJOTA                                                                                             ";"16";"12";"11";"39"
"231400 VARZEA ALEGRE                                                                                       ";"37";"40";"34";"111"
"231410 VICOSA DO CEARA                                                                                     ";"22";"21";"32";"75"
"240010 ACARI                                                                                               ";"12";"9";"8";"29"
"240020 ACU                                                                                                 ";"41";"52";"52";"145"
"240030 AFONSO BEZERRA                                                                                      ";"5";"6";"7";"18"
"240040 AGUA NOVA                                                                                           ";"2";"3";"0";"5"
"240050 ALEXANDRIA                                                                                          ";"5";"11";"10";"26"
"240060 ALMINO AFONSO                                                                                       ";"3";"6";"5";"14"
"240070 ALTO DO RODRIGUES                                                                                   ";"10";"3";"12";"25"
"240080 ANGICOS                                                                                             ";"9";"3";"13";"25"
"240090 ANTONIO MARTINS                                                                                     ";"7";"5";"5";"17"
"240100 APODI                                                                                               ";"29";"38";"24";"91"
"240110 AREIA BRANCA                                                                                        ";"26";"27";"43";"96"
"240120 ARES                                                                                                ";"18";"7";"3";"28"
"240130 AUGUSTO SEVERO                                                                                      ";"10";"7";"12";"29"
"240140 BAIA FORMOSA                                                                                        ";"2";"2";"7";"11"
"240145 BARAUNA                                                                                             ";"8";"26";"23";"57"
"240150 BARCELONA                                                                                           ";"0";"3";"2";"5"
"240160 BENTO FERNANDES                                                                                     ";"2";"4";"7";"13"
"240165 BODO                                                                                                ";"2";"5";"2";"9"
"240170 BOM JESUS                                                                                           ";"5";"5";"7";"17"
"240180 BREJINHO                                                                                            ";"7";"6";"11";"24"
"240185 CAICARA DO NORTE                                                                                    ";"7";"3";"3";"13"
"240190 CAICARA DO RIO DO VENTO                                                                             ";"1";"6";"4";"11"
"240200 CAICO                                                                                               ";"77";"84";"75";"236"
"240210 CAMPO REDONDO                                                                                       ";"10";"3";"8";"21"
"240220 CANGUARETAMA                                                                                        ";"15";"18";"23";"56"
"240230 CARAUBAS                                                                                            ";"25";"20";"27";"72"
"240240 CARNAUBA DOS DANTAS                                                                                 ";"4";"6";"6";"16"
"240250 CARNAUBAIS                                                                                          ";"6";"12";"6";"24"
"240260 CEARA-MIRIM                                                                                         ";"46";"39";"59";"144"
"240270 CERRO CORA                                                                                          ";"4";"9";"5";"18"
"240280 CORONEL EZEQUIEL                                                                                    ";"4";"5";"3";"12"
"240290 CORONEL JOAO PESSOA                                                                                 ";"4";"2";"4";"10"
"240300 CRUZETA                                                                                             ";"8";"13";"7";"28"
"240310 CURRAIS NOVOS                                                                                       ";"34";"33";"43";"110"
"240320 DOUTOR SEVERIANO                                                                                    ";"6";"8";"3";"17"
"240325 PARNAMIRIM                                                                                          ";"160";"175";"141";"476"
"240330 ENCANTO                                                                                             ";"11";"5";"3";"19"
"240340 EQUADOR                                                                                             ";"5";"0";"1";"6"
"240350 ESPIRITO SANTO                                                                                      ";"4";"6";"9";"19"
"240360 EXTREMOZ                                                                                            ";"20";"16";"22";"58"
"240370 FELIPE GUERRA                                                                                       ";"5";"7";"7";"19"
"240375 FERNANDO PEDROZA                                                                                    ";"3";"2";"1";"6"
"240380 FLORANIA                                                                                            ";"8";"7";"5";"20"
"240390 FRANCISCO DANTAS                                                                                    ";"1";"6";"1";"8"
"240400 FRUTUOSO GOMES                                                                                      ";"7";"10";"5";"22"
"240410 GALINHOS                                                                                            ";"3";"2";"0";"5"
"240420 GOIANINHA                                                                                           ";"28";"17";"10";"55"
"240430 GOVERNADOR DIX-SEPT ROSADO                                                                          ";"19";"21";"11";"51"
"240440 GROSSOS                                                                                             ";"12";"6";"8";"26"
"240450 GUAMARE                                                                                             ";"12";"11";"19";"42"
"240460 IELMO MARINHO                                                                                       ";"4";"7";"11";"22"
"240470 IPANGUACU                                                                                           ";"12";"11";"11";"34"
"240480 IPUEIRA                                                                                             ";"4";"3";"0";"7"
"240485 ITAJA                                                                                               ";"7";"6";"8";"21"
"240490 ITAU                                                                                                ";"13";"6";"10";"29"
"240500 JACANA                                                                                              ";"4";"10";"7";"21"
"240510 JANDAIRA                                                                                            ";"1";"4";"5";"10"
"240520 JANDUIS                                                                                             ";"10";"8";"3";"21"
"240530 JANUARIO CICCO                                                                                      ";"10";"2";"4";"16"
"240540 JAPI                                                                                                ";"5";"5";"6";"16"
"240550 JARDIM DE ANGICOS                                                                                   ";"0";"1";"2";"3"
"240560 JARDIM DE PIRANHAS                                                                                  ";"13";"12";"12";"37"
"240570 JARDIM DO SERIDO                                                                                    ";"13";"15";"18";"46"
"240580 JOAO CAMARA                                                                                         ";"20";"20";"29";"69"
"240590 JOAO DIAS                                                                                           ";"2";"1";"1";"4"
"240600 JOSE DA PENHA                                                                                       ";"2";"7";"5";"14"
"240610 JUCURUTU                                                                                            ";"17";"9";"11";"37"
"240615 JUNDIA                                                                                              ";"6";"2";"1";"9"
"240620 LAGOA D\'ANTA                                                                                        ";"5";"5";"1";"11"
"240630 LAGOA DE PEDRAS                                                                                     ";"3";"11";"5";"19"
"240640 LAGOA DE VELHOS                                                                                     ";"5";"1";"2";"8"
"240650 LAGOA NOVA                                                                                          ";"6";"8";"13";"27"
"240660 LAGOA SALGADA                                                                                       ";"3";"5";"4";"12"
"240670 LAJES                                                                                               ";"14";"8";"4";"26"
"240680 LAJES PINTADAS                                                                                      ";"7";"5";"3";"15"
"240690 LUCRECIA                                                                                            ";"5";"8";"5";"18"
"240700 LUIS GOMES                                                                                          ";"3";"4";"11";"18"
"240710 MACAIBA                                                                                             ";"49";"60";"44";"153"
"240720 MACAU                                                                                               ";"20";"16";"20";"56"
"240725 MAJOR SALES                                                                                         ";"2";"2";"4";"8"
"240730 MARCELINO VIEIRA                                                                                    ";"7";"11";"12";"30"
"240740 MARTINS                                                                                             ";"12";"7";"6";"25"
"240750 MAXARANGUAPE                                                                                        ";"4";"9";"4";"17"
"240760 MESSIAS TARGINO                                                                                     ";"3";"3";"7";"13"
"240770 MONTANHAS                                                                                           ";"11";"10";"8";"29"
"240780 MONTE ALEGRE                                                                                        ";"11";"16";"10";"37"
"240790 MONTE DAS GAMELEIRAS                                                                                ";"1";"4";"3";"8"
"240800 MOSSORO                                                                                             ";"368";"369";"389";"1126"
"240810 NATAL                                                                                               ";"1031";"991";"907";"2929"
"240820 NISIA FLORESTA                                                                                      ";"18";"19";"22";"59"
"240830 NOVA CRUZ                                                                                           ";"15";"22";"17";"54"
"240840 OLHO-D\'AGUA DO BORGES                                                                               ";"3";"3";"6";"12"
"240850 OURO BRANCO                                                                                         ";"3";"3";"4";"10"
"240860 PARANA                                                                                              ";"4";"4";"7";"15"
"240870 PARAU                                                                                               ";"5";"1";"1";"7"
"240880 PARAZINHO                                                                                           ";"3";"2";"0";"5"
"240890 PARELHAS                                                                                            ";"30";"19";"19";"68"
"240895 RIO DO FOGO                                                                                         ";"6";"16";"12";"34"
"240910 PASSA E FICA                                                                                        ";"8";"8";"5";"21"
"240920 PASSAGEM                                                                                            ";"4";"1";"2";"7"
"240930 PATU                                                                                                ";"13";"16";"9";"38"
"240933 SANTA MARIA                                                                                         ";"0";"5";"2";"7"
"240940 PAU DOS FERROS                                                                                      ";"29";"38";"37";"104"
"240950 PEDRA GRANDE                                                                                        ";"6";"3";"1";"10"
"240960 PEDRA PRETA                                                                                         ";"1";"5";"2";"8"
"240970 PEDRO AVELINO                                                                                       ";"1";"1";"1";"3"
"240980 PEDRO VELHO                                                                                         ";"10";"10";"7";"27"
"240990 PENDENCIAS                                                                                          ";"12";"14";"13";"39"
"241000 PILOES                                                                                              ";"5";"4";"6";"15"
"241010 POCO BRANCO                                                                                         ";"7";"9";"6";"22"
"241020 PORTALEGRE                                                                                          ";"5";"13";"12";"30"
"241025 PORTO DO MANGUE                                                                                     ";"1";"6";"1";"8"
"241030 SERRA CAIADA                                                                                        ";"5";"5";"13";"23"
"241040 PUREZA                                                                                              ";"4";"4";"4";"12"
"241050 RAFAEL FERNANDES                                                                                    ";"2";"5";"7";"14"
"241060 RAFAEL GODEIRO                                                                                      ";"1";"4";"1";"6"
"241070 RIACHO DA CRUZ                                                                                      ";"5";"0";"3";"8"
"241080 RIACHO DE SANTANA                                                                                   ";"3";"3";"2";"8"
"241090 RIACHUELO                                                                                           ";"10";"3";"5";"18"
"241100 RODOLFO FERNANDES                                                                                   ";"4";"2";"3";"9"
"241105 TIBAU                                                                                               ";"2";"2";"3";"7"
"241110 RUY BARBOSA                                                                                         ";"5";"6";"5";"16"
"241120 SANTA CRUZ                                                                                          ";"37";"27";"28";"92"
"241140 SANTANA DO MATOS                                                                                    ";"11";"9";"8";"28"
"241142 SANTANA DO SERIDO                                                                                   ";"2";"4";"4";"10"
"241150 SANTO ANTONIO                                                                                       ";"23";"19";"15";"57"
"241160 SAO BENTO DO NORTE                                                                                  ";"2";"2";"2";"6"
"241170 SAO BENTO DO TRAIRI                                                                                 ";"2";"2";"5";"9"
"241180 SAO FERNANDO                                                                                        ";"2";"3";"5";"10"
"241190 SAO FRANCISCO DO OESTE                                                                              ";"4";"1";"4";"9"
"241200 SAO GONCALO DO AMARANTE                                                                             ";"68";"57";"60";"185"
"241210 SAO JOAO DO SABUGI                                                                                  ";"5";"6";"4";"15"
"241220 SAO JOSE DE MIPIBU                                                                                  ";"33";"37";"36";"106"
"241230 SAO JOSE DO CAMPESTRE                                                                               ";"12";"5";"9";"26"
"241240 SAO JOSE DO SERIDO                                                                                  ";"4";"7";"2";"13"
"241250 SAO MIGUEL                                                                                          ";"31";"20";"20";"71"
"241255 SAO MIGUEL DO GOSTOSO                                                                               ";"4";"6";"6";"16"
"241260 SAO PAULO DO POTENGI                                                                                ";"12";"9";"19";"40"
"241270 SAO PEDRO                                                                                           ";"7";"5";"7";"19"
"241280 SAO RAFAEL                                                                                          ";"8";"3";"5";"16"
"241290 SAO TOME                                                                                            ";"6";"5";"5";"16"
"241300 SAO VICENTE                                                                                         ";"8";"5";"3";"16"
"241310 SENADOR ELOI DE SOUZA                                                                               ";"5";"6";"3";"14"
"241320 SENADOR GEORGINO AVELINO                                                                            ";"2";"4";"3";"9"
"241330 SERRA DE SAO BENTO                                                                                  ";"1";"2";"4";"7"
"241335 SERRA DO MEL                                                                                        ";"11";"9";"9";"29"
"241340 SERRA NEGRA DO NORTE                                                                                ";"10";"10";"8";"28"
"241350 SERRINHA                                                                                            ";"6";"8";"5";"19"
"241355 SERRINHA DOS PINTOS                                                                                 ";"4";"1";"4";"9"
"241360 SEVERIANO MELO                                                                                      ";"4";"10";"10";"24"
"241370 SITIO NOVO                                                                                          ";"3";"6";"3";"12"
"241380 TABOLEIRO GRANDE                                                                                    ";"0";"7";"0";"7"
"241390 TAIPU                                                                                               ";"3";"9";"4";"16"
"241400 TANGARA                                                                                             ";"9";"13";"15";"37"
"241410 TENENTE ANANIAS                                                                                     ";"6";"9";"13";"28"
"241415 TENENTE LAURENTINO CRUZ                                                                             ";"3";"4";"2";"9"
"241420 TIBAU DO SUL                                                                                        ";"5";"6";"8";"19"
"241430 TIMBAUBA DOS BATISTAS                                                                               ";"4";"3";"1";"8"
"241440 TOUROS                                                                                              ";"17";"13";"15";"45"
"241445 TRIUNFO POTIGUAR                                                                                    ";"0";"7";"3";"10"
"241450 UMARIZAL                                                                                            ";"11";"10";"11";"32"
"241460 UPANEMA                                                                                             ";"12";"16";"16";"44"
"241470 VARZEA                                                                                              ";"3";"9";"3";"15"
"241475 VENHA-VER                                                                                           ";"1";"2";"4";"7"
"241480 VERA CRUZ                                                                                           ";"7";"21";"9";"37"
"241490 VICOSA                                                                                              ";"3";"2";"0";"5"
"241500 VILA FLOR                                                                                           ";"1";"1";"0";"2"
"250010 AGUA BRANCA                                                                                         ";"4";"4";"8";"16"
"250020 AGUIAR                                                                                              ";"6";"3";"5";"14"
"250030 ALAGOA GRANDE                                                                                       ";"19";"17";"17";"53"
"250040 ALAGOA NOVA                                                                                         ";"23";"24";"10";"57"
"250050 ALAGOINHA                                                                                           ";"4";"12";"7";"23"
"250053 ALCANTIL                                                                                            ";"3";"6";"3";"12"
"250057 ALGODAO DE JANDAIRA                                                                                 ";"0";"2";"2";"4"
"250060 ALHANDRA                                                                                            ";"17";"14";"11";"42"
"250070 SAO JOAO DO RIO DO PEIXE                                                                            ";"14";"17";"12";"43"
"250073 AMPARO                                                                                              ";"0";"0";"1";"1"
"250077 APARECIDA                                                                                           ";"7";"5";"6";"18"
"250080 ARACAGI                                                                                             ";"15";"17";"9";"41"
"250090 ARARA                                                                                               ";"5";"9";"13";"27"
"250100 ARARUNA                                                                                             ";"9";"3";"6";"18"
"250110 AREIA                                                                                               ";"16";"9";"15";"40"
"250115 AREIA DE BARAUNAS                                                                                   ";"3";"2";"0";"5"
"250120 AREIAL                                                                                              ";"4";"5";"7";"16"
"250130 AROEIRAS                                                                                            ";"17";"22";"14";"53"
"250135 ASSUNCAO                                                                                            ";"3";"2";"2";"7"
"250140 BAIA DA TRAICAO                                                                                     ";"7";"4";"3";"14"
"250150 BANANEIRAS                                                                                          ";"10";"19";"15";"44"
"250153 BARAUNA                                                                                             ";"4";"2";"6";"12"
"250157 BARRA DE SANTANA                                                                                    ";"5";"3";"6";"14"
"250160 BARRA DE SANTA ROSA                                                                                 ";"8";"11";"11";"30"
"250170 BARRA DE SAO MIGUEL                                                                                 ";"7";"7";"3";"17"
"250180 BAYEUX                                                                                              ";"86";"68";"72";"226"
"250190 BELEM                                                                                               ";"15";"11";"7";"33"
"250200 BELEM DO BREJO DO CRUZ                                                                              ";"5";"0";"6";"11"
"250205 BERNARDINO BATISTA                                                                                  ";"4";"2";"1";"7"
"250210 BOA VENTURA                                                                                         ";"7";"2";"4";"13"
"250215 BOA VISTA                                                                                           ";"11";"9";"4";"24"
"250220 BOM JESUS                                                                                           ";"2";"2";"1";"5"
"250230 BOM SUCESSO                                                                                         ";"1";"3";"3";"7"
"250240 BONITO DE SANTA FE                                                                                  ";"10";"9";"10";"29"
"250250 BOQUEIRAO                                                                                           ";"13";"7";"13";"33"
"250260 IGARACY                                                                                             ";"3";"6";"5";"14"
"250270 BORBOREMA                                                                                           ";"5";"7";"1";"13"
"250280 BREJO DO CRUZ                                                                                       ";"10";"9";"11";"30"
"250290 BREJO DOS SANTOS                                                                                    ";"7";"8";"7";"22"
"250300 CAAPORA                                                                                             ";"15";"17";"11";"43"
"250310 CABACEIRAS                                                                                          ";"2";"5";"3";"10"
"250320 CABEDELO                                                                                            ";"32";"27";"38";"97"
"250330 CACHOEIRA DOS INDIOS                                                                                ";"7";"10";"1";"18"
"250340 CACIMBA DE AREIA                                                                                    ";"1";"4";"4";"9"
"250350 CACIMBA DE DENTRO                                                                                   ";"10";"6";"8";"24"
"250355 CACIMBAS                                                                                            ";"3";"4";"3";"10"
"250360 CAICARA                                                                                             ";"4";"6";"3";"13"
"250370 CAJAZEIRAS                                                                                          ";"37";"37";"44";"118"
"250375 CAJAZEIRINHAS                                                                                       ";"1";"3";"7";"11"
"250380 CALDAS BRANDAO                                                                                      ";"5";"5";"6";"16"
"250390 CAMALAU                                                                                             ";"7";"9";"8";"24"
"250400 CAMPINA GRANDE                                                                                      ";"431";"460";"479";"1370"
"250403 CAPIM                                                                                               ";"1";"5";"1";"7"
"250407 CARAUBAS                                                                                            ";"2";"10";"1";"13"
"250410 CARRAPATEIRA                                                                                        ";"1";"0";"1";"2"
"250415 CASSERENGUE                                                                                         ";"4";"2";"4";"10"
"250420 CATINGUEIRA                                                                                         ";"1";"5";"1";"7"
"250430 CATOLE DO ROCHA                                                                                     ";"35";"23";"34";"92"
"250435 CATURITE                                                                                            ";"8";"4";"4";"16"
"250440 CONCEICAO                                                                                           ";"11";"12";"12";"35"
"250450 CONDADO                                                                                             ";"12";"9";"6";"27"
"250460 CONDE                                                                                               ";"12";"19";"11";"42"
"250470 CONGO                                                                                               ";"3";"4";"6";"13"
"250480 COREMAS                                                                                             ";"26";"20";"12";"58"
"250485 COXIXOLA                                                                                            ";"4";"1";"3";"8"
"250490 CRUZ DO ESPIRITO SANTO                                                                              ";"12";"8";"4";"24"
"250500 CUBATI                                                                                              ";"4";"3";"1";"8"
"250510 CUITE                                                                                               ";"19";"17";"9";"45"
"250520 CUITEGI                                                                                             ";"1";"4";"3";"8"
"250523 CUITE DE MAMANGUAPE                                                                                 ";"4";"3";"5";"12"
"250527 CURRAL DE CIMA                                                                                      ";"4";"0";"8";"12"
"250530 CURRAL VELHO                                                                                        ";"3";"4";"2";"9"
"250535 DAMIAO                                                                                              ";"1";"3";"1";"5"
"250540 DESTERRO                                                                                            ";"3";"3";"2";"8"
"250550 VISTA SERRANA                                                                                       ";"1";"5";"2";"8"
"250560 DIAMANTE                                                                                            ";"0";"7";"2";"9"
"250570 DONA INES                                                                                           ";"5";"9";"11";"25"
"250580 DUAS ESTRADAS                                                                                       ";"2";"6";"6";"14"
"250590 EMAS                                                                                                ";"4";"1";"1";"6"
"250600 ESPERANCA                                                                                           ";"45";"31";"27";"103"
"250610 FAGUNDES                                                                                            ";"8";"12";"3";"23"
"250620 FREI MARTINHO                                                                                       ";"8";"5";"4";"17"
"250625 GADO BRAVO                                                                                          ";"8";"7";"6";"21"
"250630 GUARABIRA                                                                                           ";"44";"42";"44";"130"
"250640 GURINHEM                                                                                            ";"11";"12";"15";"38"
"250650 GURJAO                                                                                              ";"7";"5";"1";"13"
"250660 IBIARA                                                                                              ";"3";"6";"4";"13"
"250670 IMACULADA                                                                                           ";"6";"5";"4";"15"
"250680 INGA                                                                                                ";"11";"20";"12";"43"
"250690 ITABAIANA                                                                                           ";"21";"24";"21";"66"
"250700 ITAPORANGA                                                                                          ";"16";"22";"16";"54"
"250710 ITAPOROROCA                                                                                         ";"10";"15";"14";"39"
"250720 ITATUBA                                                                                             ";"9";"10";"11";"30"
"250730 JACARAU                                                                                             ";"11";"8";"7";"26"
"250740 JERICO                                                                                              ";"4";"8";"6";"18"
"250750 JOAO PESSOA                                                                                         ";"755";"791";"816";"2362"
"250760 JUAREZ TAVORA                                                                                       ";"3";"5";"4";"12"
"250770 JUAZEIRINHO                                                                                         ";"13";"10";"13";"36"
"250780 JUNCO DO SERIDO                                                                                     ";"8";"6";"8";"22"
"250790 JURIPIRANGA                                                                                         ";"8";"8";"13";"29"
"250800 JURU                                                                                                ";"4";"8";"5";"17"
"250810 LAGOA                                                                                               ";"3";"7";"0";"10"
"250820 LAGOA DE DENTRO                                                                                     ";"3";"9";"5";"17"
"250830 LAGOA SECA                                                                                          ";"25";"16";"23";"64"
"250840 LASTRO                                                                                              ";"3";"1";"3";"7"
"250850 LIVRAMENTO                                                                                          ";"11";"5";"8";"24"
"250855 LOGRADOURO                                                                                          ";"1";"2";"1";"4"
"250860 LUCENA                                                                                              ";"10";"4";"8";"22"
"250870 MAE D\'AGUA                                                                                          ";"1";"3";"2";"6"
"250880 MALTA                                                                                               ";"3";"16";"11";"30"
"250890 MAMANGUAPE                                                                                          ";"18";"28";"30";"76"
"250900 MANAIRA                                                                                             ";"11";"3";"12";"26"
"250905 MARCACAO                                                                                            ";"3";"2";"5";"10"
"250910 MARI                                                                                                ";"14";"18";"7";"39"
"250915 MARIZOPOLIS                                                                                         ";"2";"4";"4";"10"
"250920 MASSARANDUBA                                                                                        ";"8";"8";"12";"28"
"250930 MATARACA                                                                                            ";"5";"6";"6";"17"
"250933 MATINHAS                                                                                            ";"5";"2";"2";"9"
"250937 MATO GROSSO                                                                                         ";"3";"0";"1";"4"
"250939 MATUREIA                                                                                            ";"4";"1";"4";"9"
"250940 MOGEIRO                                                                                             ";"8";"10";"10";"28"
"250950 MONTADAS                                                                                            ";"0";"7";"3";"10"
"250960 MONTE HOREBE                                                                                        ";"4";"1";"11";"16"
"250970 MONTEIRO                                                                                            ";"18";"29";"26";"73"
"250980 MULUNGU                                                                                             ";"9";"3";"3";"15"
"250990 NATUBA                                                                                              ";"2";"3";"5";"10"
"251000 NAZAREZINHO                                                                                         ";"5";"6";"5";"16"
"251010 NOVA FLORESTA                                                                                       ";"6";"6";"0";"12"
"251020 NOVA OLINDA                                                                                         ";"3";"3";"2";"8"
"251030 NOVA PALMEIRA                                                                                       ";"3";"2";"4";"9"
"251040 OLHO D\'AGUA                                                                                         ";"6";"1";"3";"10"
"251050 OLIVEDOS                                                                                            ";"5";"2";"2";"9"
"251060 OURO VELHO                                                                                          ";"3";"4";"4";"11"
"251065 PARARI                                                                                              ";"3";"1";"4";"8"
"251070 PASSAGEM                                                                                            ";"3";"1";"1";"5"
"251080 PATOS                                                                                               ";"87";"61";"81";"229"
"251090 PAULISTA                                                                                            ";"12";"11";"13";"36"
"251100 PEDRA BRANCA                                                                                        ";"2";"5";"0";"7"
"251110 PEDRA LAVRADA                                                                                       ";"6";"4";"6";"16"
"251120 PEDRAS DE FOGO                                                                                      ";"20";"17";"33";"70"
"251130 PIANCO                                                                                              ";"14";"13";"16";"43"
"251140 PICUI                                                                                               ";"16";"15";"14";"45"
"251150 PILAR                                                                                               ";"6";"6";"7";"19"
"251160 PILOES                                                                                              ";"6";"3";"2";"11"
"251170 PILOEZINHOS                                                                                         ";"1";"0";"3";"4"
"251180 PIRPIRITUBA                                                                                         ";"9";"3";"4";"16"
"251190 PITIMBU                                                                                             ";"14";"12";"9";"35"
"251200 POCINHOS                                                                                            ";"17";"24";"11";"52"
"251203 POCO DANTAS                                                                                         ";"3";"3";"0";"6"
"251207 POCO DE JOSE DE MOURA                                                                               ";"0";"4";"5";"9"
"251210 POMBAL                                                                                              ";"29";"27";"29";"85"
"251220 PRATA                                                                                               ";"3";"6";"1";"10"
"251230 PRINCESA ISABEL                                                                                     ";"9";"17";"12";"38"
"251240 PUXINANA                                                                                            ";"5";"8";"10";"23"
"251250 QUEIMADAS                                                                                           ";"45";"52";"39";"136"
"251260 QUIXABA                                                                                             ";"3";"1";"0";"4"
"251270 REMIGIO                                                                                             ";"5";"8";"12";"25"
"251272 PEDRO REGIS                                                                                         ";"6";"2";"4";"12"
"251274 RIACHAO                                                                                             ";"0";"2";"1";"3"
"251275 RIACHAO DO BACAMARTE                                                                                ";"4";"3";"1";"8"
"251276 RIACHAO DO POCO                                                                                     ";"3";"5";"4";"12"
"251278 RIACHO DE SANTO ANTONIO                                                                             ";"1";"0";"2";"3"
"251280 RIACHO DOS CAVALOS                                                                                  ";"12";"8";"12";"32"
"251290 RIO TINTO                                                                                           ";"16";"14";"13";"43"
"251300 SALGADINHO                                                                                          ";"1";"4";"0";"5"
"251310 SALGADO DE SAO FELIX                                                                                ";"12";"8";"8";"28"
"251315 SANTA CECILIA                                                                                       ";"3";"6";"4";"13"
"251320 SANTA CRUZ                                                                                          ";"4";"6";"7";"17"
"251330 SANTA HELENA                                                                                        ";"4";"5";"5";"14"
"251335 SANTA INES                                                                                          ";"1";"1";"0";"2"
"251340 SANTA LUZIA                                                                                         ";"17";"13";"17";"47"
"251350 SANTANA DE MANGUEIRA                                                                                ";"3";"2";"3";"8"
"251360 SANTANA DOS GARROTES                                                                                ";"10";"6";"4";"20"
"251365 JOCA CLAUDINO                                                                                       ";"2";"0";"1";"3"
"251370 SANTA RITA                                                                                          ";"89";"71";"119";"279"
"251380 SANTA TERESINHA                                                                                     ";"5";"1";"4";"10"
"251385 SANTO ANDRE                                                                                         ";"4";"2";"1";"7"
"251390 SAO BENTO                                                                                           ";"24";"21";"27";"72"
"251392 SAO BENTINHO                                                                                        ";"0";"0";"2";"2"
"251394 SAO DOMINGOS DO CARIRI                                                                              ";"2";"0";"2";"4"
"251396 SAO DOMINGOS                                                                                        ";"2";"3";"1";"6"
"251398 SAO FRANCISCO                                                                                       ";"2";"10";"4";"16"
"251400 SAO JOAO DO CARIRI                                                                                  ";"9";"7";"4";"20"
"251410 SAO JOAO DO TIGRE                                                                                   ";"2";"2";"2";"6"
"251420 SAO JOSE DA LAGOA TAPADA                                                                            ";"7";"4";"5";"16"
"251430 SAO JOSE DE CAIANA                                                                                  ";"3";"3";"1";"7"
"251440 SAO JOSE DE ESPINHARAS                                                                              ";"5";"7";"5";"17"
"251445 SAO JOSE DOS RAMOS                                                                                  ";"3";"1";"5";"9"
"251450 SAO JOSE DE PIRANHAS                                                                                ";"11";"18";"8";"37"
"251455 SAO JOSE DE PRINCESA                                                                                ";"1";"2";"1";"4"
"251460 SAO JOSE DO BONFIM                                                                                  ";"1";"2";"4";"7"
"251465 SAO JOSE DO BREJO DO CRUZ                                                                           ";"0";"2";"3";"5"
"251470 SAO JOSE DO SABUGI                                                                                  ";"1";"2";"5";"8"
"251480 SAO JOSE DOS CORDEIROS                                                                              ";"4";"5";"2";"11"
"251490 SAO MAMEDE                                                                                          ";"11";"2";"8";"21"
"251500 SAO MIGUEL DE TAIPU                                                                                 ";"2";"3";"6";"11"
"251510 SAO SEBASTIAO DE LAGOA DE ROCA                                                                      ";"11";"4";"8";"23"
"251520 SAO SEBASTIAO DO UMBUZEIRO                                                                          ";"2";"5";"2";"9"
"251530 SAPE                                                                                                ";"35";"30";"36";"101"
"251540 SAO VICENTE DO SERIDO                                                                               ";"6";"3";"7";"16"
"251550 SERRA BRANCA                                                                                        ";"17";"11";"18";"46"
"251560 SERRA DA RAIZ                                                                                       ";"2";"2";"4";"8"
"251570 SERRA GRANDE                                                                                        ";"2";"3";"1";"6"
"251580 SERRA REDONDA                                                                                       ";"5";"5";"3";"13"
"251590 SERRARIA                                                                                            ";"2";"4";"2";"8"
"251593 SERTAOZINHO                                                                                         ";"3";"4";"3";"10"
"251597 SOBRADO                                                                                             ";"3";"11";"2";"16"
"251600 SOLANEA                                                                                             ";"15";"11";"25";"51"
"251610 SOLEDADE                                                                                            ";"10";"14";"13";"37"
"251615 SOSSEGO                                                                                             ";"2";"2";"3";"7"
"251620 SOUSA                                                                                               ";"58";"41";"50";"149"
"251630 SUME                                                                                                ";"18";"12";"11";"41"
"251640 TACIMA                                                                                              ";"7";"2";"5";"14"
"251650 TAPEROA                                                                                             ";"23";"10";"10";"43"
"251660 TAVARES                                                                                             ";"11";"5";"10";"26"
"251670 TEIXEIRA                                                                                            ";"11";"10";"9";"30"
"251675 TENORIO                                                                                             ";"2";"1";"1";"4"
"251680 TRIUNFO                                                                                             ";"7";"3";"6";"16"
"251690 UIRAUNA                                                                                             ";"3";"4";"12";"19"
"251700 UMBUZEIRO                                                                                           ";"6";"7";"5";"18"
"251710 VARZEA                                                                                              ";"1";"3";"2";"6"
"251720 VIEIROPOLIS                                                                                         ";"5";"4";"7";"16"
"251740 ZABELE                                                                                              ";"0";"1";"3";"4"
"260005 ABREU E LIMA                                                                                        ";"86";"80";"82";"248"
"260010 AFOGADOS DA INGAZEIRA                                                                               ";"37";"31";"30";"98"
"260020 AFRANIO                                                                                             ";"20";"19";"10";"49"
"260030 AGRESTINA                                                                                           ";"16";"16";"14";"46"
"260040 AGUA PRETA                                                                                          ";"24";"15";"19";"58"
"260050 AGUAS BELAS                                                                                         ";"20";"18";"27";"65"
"260060 ALAGOINHA                                                                                           ";"13";"18";"4";"35"
"260070 ALIANCA                                                                                             ";"22";"24";"28";"74"
"260080 ALTINHO                                                                                             ";"18";"13";"15";"46"
"260090 AMARAJI                                                                                             ";"15";"11";"11";"37"
"260100 ANGELIM                                                                                             ";"4";"7";"8";"19"
"260105 ARACOIABA                                                                                           ";"8";"13";"7";"28"
"260110 ARARIPINA                                                                                           ";"35";"30";"34";"99"
"260120 ARCOVERDE                                                                                           ";"67";"86";"98";"251"
"260130 BARRA DE GUABIRABA                                                                                  ";"11";"7";"12";"30"
"260140 BARREIROS                                                                                           ";"35";"18";"19";"72"
"260150 BELEM DE MARIA                                                                                      ";"4";"8";"2";"14"
"260160 BELEM DE SAO FRANCISCO                                                                              ";"15";"16";"9";"40"
"260170 BELO JARDIM                                                                                         ";"59";"66";"57";"182"
"260180 BETANIA                                                                                             ";"3";"3";"3";"9"
"260190 BEZERROS                                                                                            ";"53";"43";"51";"147"
"260200 BODOCO                                                                                              ";"17";"19";"11";"47"
"260210 BOM CONSELHO                                                                                        ";"14";"21";"19";"54"
"260220 BOM JARDIM                                                                                          ";"28";"27";"17";"72"
"260230 BONITO                                                                                              ";"28";"28";"31";"87"
"260240 BREJAO                                                                                              ";"4";"1";"6";"11"
"260250 BREJINHO                                                                                            ";"4";"10";"6";"20"
"260260 BREJO DA MADRE DE DEUS                                                                              ";"28";"45";"31";"104"
"260270 BUENOS AIRES                                                                                        ";"5";"8";"4";"17"
"260280 BUIQUE                                                                                              ";"20";"24";"31";"75"
"260290 CABO DE SANTO AGOSTINHO                                                                             ";"147";"132";"132";"411"
"260300 CABROBO                                                                                             ";"16";"17";"13";"46"
"260310 CACHOEIRINHA                                                                                        ";"25";"10";"24";"59"
"260320 CAETES                                                                                              ";"8";"16";"13";"37"
"260330 CALCADO                                                                                             ";"7";"3";"2";"12"
"260340 CALUMBI                                                                                             ";"1";"2";"2";"5"
"260345 CAMARAGIBE                                                                                          ";"160";"102";"120";"382"
"260350 CAMOCIM DE SAO FELIX                                                                                ";"12";"15";"13";"40"
"260360 CAMUTANGA                                                                                           ";"6";"6";"8";"20"
"260370 CANHOTINHO                                                                                          ";"12";"8";"16";"36"
"260380 CAPOEIRAS                                                                                           ";"12";"12";"12";"36"
"260390 CARNAIBA                                                                                            ";"15";"7";"10";"32"
"260392 CARNAUBEIRA DA PENHA                                                                                ";"4";"5";"4";"13"
"260400 CARPINA                                                                                             ";"71";"69";"66";"206"
"260410 CARUARU                                                                                             ";"340";"326";"313";"979"
"260415 CASINHAS                                                                                            ";"11";"6";"4";"21"
"260420 CATENDE                                                                                             ";"18";"22";"20";"60"
"260430 CEDRO                                                                                               ";"4";"2";"2";"8"
"260440 CHA DE ALEGRIA                                                                                      ";"11";"4";"10";"25"
"260450 CHA GRANDE                                                                                          ";"17";"13";"15";"45"
"260460 CONDADO                                                                                             ";"9";"12";"16";"37"
"260470 CORRENTES                                                                                           ";"9";"9";"9";"27"
"260480 CORTES                                                                                              ";"9";"6";"7";"22"
"260490 CUMARU                                                                                              ";"9";"10";"12";"31"
"260500 CUPIRA                                                                                              ";"30";"23";"14";"67"
"260510 CUSTODIA                                                                                            ";"25";"22";"22";"69"
"260515 DORMENTES                                                                                           ";"15";"10";"14";"39"
"260520 ESCADA                                                                                              ";"36";"40";"38";"114"
"260530 EXU                                                                                                 ";"5";"13";"14";"32"
"260540 FEIRA NOVA                                                                                          ";"7";"17";"13";"37"
"260545 FERNANDO DE NORONHA                                                                                 ";"3";"3";"1";"7"
"260550 FERREIROS                                                                                           ";"3";"5";"4";"12"
"260560 FLORES                                                                                              ";"6";"18";"19";"43"
"260570 FLORESTA                                                                                            ";"16";"15";"18";"49"
"260580 FREI MIGUELINHO                                                                                     ";"15";"11";"8";"34"
"260590 GAMELEIRA                                                                                           ";"12";"13";"21";"46"
"260600 GARANHUNS                                                                                           ";"95";"101";"100";"296"
"260610 GLORIA DO GOITA                                                                                     ";"19";"15";"13";"47"
"260620 GOIANA                                                                                              ";"46";"64";"46";"156"
"260630 GRANITO                                                                                             ";"2";"1";"4";"7"
"260640 GRAVATA                                                                                             ";"68";"73";"61";"202"
"260650 IATI                                                                                                ";"10";"13";"16";"39"
"260660 IBIMIRIM                                                                                            ";"16";"9";"13";"38"
"260670 IBIRAJUBA                                                                                           ";"5";"8";"6";"19"
"260680 IGARASSU                                                                                            ";"82";"77";"66";"225"
"260690 IGUARACY                                                                                            ";"12";"8";"6";"26"
"260700 INAJA                                                                                               ";"3";"3";"7";"13"
"260710 INGAZEIRA                                                                                           ";"2";"3";"3";"8"
"260720 IPOJUCA                                                                                             ";"50";"46";"49";"145"
"260730 IPUBI                                                                                               ";"11";"8";"8";"27"
"260740 ITACURUBA                                                                                           ";"1";"5";"3";"9"
"260750 ITAIBA                                                                                              ";"13";"6";"10";"29"
"260760 ILHA DE ITAMARACA                                                                                   ";"19";"11";"11";"41"
"260765 ITAMBE                                                                                              ";"12";"9";"11";"32"
"260770 ITAPETIM                                                                                            ";"3";"9";"12";"24"
"260775 ITAPISSUMA                                                                                          ";"15";"18";"16";"49"
"260780 ITAQUITINGA                                                                                         ";"8";"11";"7";"26"
"260790 JABOATAO DOS GUARARAPES                                                                             ";"484";"514";"507";"1505"
"260795 JAQUEIRA                                                                                            ";"7";"6";"7";"20"
"260800 JATAUBA                                                                                             ";"18";"10";"17";"45"
"260805 JATOBA                                                                                              ";"12";"5";"9";"26"
"260810 JOAO ALFREDO                                                                                        ";"16";"25";"20";"61"
"260820 JOAQUIM NABUCO                                                                                      ";"9";"7";"3";"19"
"260825 JUCATI                                                                                              ";"2";"10";"8";"20"
"260830 JUPI                                                                                                ";"14";"11";"9";"34"
"260840 JUREMA                                                                                              ";"15";"14";"10";"39"
"260845 LAGOA DO CARRO                                                                                      ";"10";"5";"11";"26"
"260850 LAGOA DE ITAENGA                                                                                    ";"11";"14";"14";"39"
"260860 LAGOA DO OURO                                                                                       ";"10";"9";"4";"23"
"260870 LAGOA DOS GATOS                                                                                     ";"13";"12";"6";"31"
"260875 LAGOA GRANDE                                                                                        ";"7";"14";"13";"34"
"260880 LAJEDO                                                                                              ";"35";"25";"25";"85"
"260890 LIMOEIRO                                                                                            ";"56";"30";"50";"136"
"260900 MACAPARANA                                                                                          ";"17";"9";"11";"37"
"260910 MACHADOS                                                                                            ";"8";"8";"6";"22"
"260915 MANARI                                                                                              ";"7";"8";"2";"17"
"260920 MARAIAL                                                                                             ";"9";"2";"4";"15"
"260930 MIRANDIBA                                                                                           ";"7";"7";"5";"19"
"260940 MORENO                                                                                              ";"36";"41";"35";"112"
"260950 NAZARE DA MATA                                                                                      ";"30";"18";"17";"65"
"260960 OLINDA                                                                                              ";"376";"308";"329";"1013"
"260970 OROBO                                                                                               ";"12";"5";"14";"31"
"260980 OROCO                                                                                               ";"8";"10";"8";"26"
"260990 OURICURI                                                                                            ";"28";"27";"37";"92"
"261000 PALMARES                                                                                            ";"40";"36";"45";"121"
"261010 PALMEIRINA                                                                                          ";"2";"3";"3";"8"
"261020 PANELAS                                                                                             ";"12";"9";"10";"31"
"261030 PARANATAMA                                                                                          ";"16";"8";"13";"37"
"261040 PARNAMIRIM                                                                                          ";"11";"19";"5";"35"
"261050 PASSIRA                                                                                             ";"17";"16";"22";"55"
"261060 PAUDALHO                                                                                            ";"35";"36";"26";"97"
"261070 PAULISTA                                                                                            ";"269";"274";"259";"802"
"261080 PEDRA                                                                                               ";"9";"8";"17";"34"
"261090 PESQUEIRA                                                                                           ";"49";"37";"48";"134"
"261100 PETROLANDIA                                                                                         ";"24";"19";"22";"65"
"261110 PETROLINA                                                                                           ";"430";"472";"383";"1285"
"261120 POCAO                                                                                               ";"11";"9";"8";"28"
"261130 POMBOS                                                                                              ";"15";"14";"17";"46"
"261140 PRIMAVERA                                                                                           ";"3";"2";"2";"7"
"261150 QUIPAPA                                                                                             ";"12";"9";"5";"26"
"261153 QUIXABA                                                                                             ";"3";"4";"4";"11"
"261160 RECIFE                                                                                              ";"1550";"1493";"1404";"4447"
"261170 RIACHO DAS ALMAS                                                                                    ";"18";"15";"18";"51"
"261180 RIBEIRAO                                                                                            ";"27";"18";"24";"69"
"261190 RIO FORMOSO                                                                                         ";"7";"12";"18";"37"
"261200 SAIRE                                                                                               ";"4";"12";"17";"33"
"261210 SALGADINHO                                                                                          ";"3";"3";"1";"7"
"261220 SALGUEIRO                                                                                           ";"37";"29";"32";"98"
"261230 SALOA                                                                                               ";"8";"7";"9";"24"
"261240 SANHARO                                                                                             ";"17";"11";"16";"44"
"261245 SANTA CRUZ                                                                                          ";"4";"7";"5";"16"
"261247 SANTA CRUZ DA BAIXA VERDE                                                                           ";"8";"7";"3";"18"
"261250 SANTA CRUZ DO CAPIBARIBE                                                                            ";"42";"62";"53";"157"
"261255 SANTA FILOMENA                                                                                      ";"6";"6";"4";"16"
"261260 SANTA MARIA DA BOA VISTA                                                                            ";"18";"12";"13";"43"
"261270 SANTA MARIA DO CAMBUCA                                                                              ";"8";"10";"8";"26"
"261280 SANTA TEREZINHA                                                                                     ";"3";"6";"7";"16"
"261290 SAO BENEDITO DO SUL                                                                                 ";"4";"6";"2";"12"
"261300 SAO BENTO DO UNA                                                                                    ";"26";"29";"38";"93"
"261310 SAO CAITANO                                                                                         ";"35";"28";"20";"83"
"261320 SAO JOAO                                                                                            ";"15";"22";"10";"47"
"261330 SAO JOAQUIM DO MONTE                                                                                ";"17";"12";"12";"41"
"261340 SAO JOSE DA COROA GRANDE                                                                            ";"7";"9";"11";"27"
"261350 SAO JOSE DO BELMONTE                                                                                ";"14";"16";"12";"42"
"261360 SAO JOSE DO EGITO                                                                                   ";"26";"21";"17";"64"
"261370 SAO LOURENCO DA MATA                                                                                ";"62";"88";"54";"204"
"261380 SAO VICENTE FERRER                                                                                  ";"5";"11";"12";"28"
"261390 SERRA TALHADA                                                                                       ";"63";"53";"60";"176"
"261400 SERRITA                                                                                             ";"12";"7";"4";"23"
"261410 SERTANIA                                                                                            ";"26";"26";"24";"76"
"261420 SIRINHAEM                                                                                           ";"18";"15";"22";"55"
"261430 MOREILANDIA                                                                                         ";"3";"5";"1";"9"
"261440 SOLIDAO                                                                                             ";"2";"3";"6";"11"
"261450 SURUBIM                                                                                             ";"39";"56";"44";"139"
"261460 TABIRA                                                                                              ";"14";"24";"26";"64"
"261470 TACAIMBO                                                                                            ";"12";"9";"5";"26"
"261480 TACARATU                                                                                            ";"4";"7";"8";"19"
"261485 TAMANDARE                                                                                           ";"16";"16";"10";"42"
"261500 TAQUARITINGA DO NORTE                                                                               ";"21";"17";"19";"57"
"261510 TEREZINHA                                                                                           ";"5";"3";"6";"14"
"261520 TERRA NOVA                                                                                          ";"5";"8";"10";"23"
"261530 TIMBAUBA                                                                                            ";"39";"31";"36";"106"
"261540 TORITAMA                                                                                            ";"13";"18";"17";"48"
"261550 TRACUNHAEM                                                                                          ";"15";"10";"5";"30"
"261560 TRINDADE                                                                                            ";"20";"10";"13";"43"
"261570 TRIUNFO                                                                                             ";"4";"13";"12";"29"
"261580 TUPANATINGA                                                                                         ";"3";"6";"5";"14"
"261590 TUPARETAMA                                                                                          ";"5";"10";"7";"22"
"261600 VENTUROSA                                                                                           ";"16";"15";"15";"46"
"261610 VERDEJANTE                                                                                          ";"17";"5";"6";"28"
"261618 VERTENTE DO LERIO                                                                                   ";"4";"5";"6";"15"
"261620 VERTENTES                                                                                           ";"12";"20";"17";"49"
"261630 VICENCIA                                                                                            ";"16";"24";"15";"55"
"261640 VITORIA DE SANTO ANTAO                                                                              ";"113";"106";"83";"302"
"261650 XEXEU                                                                                               ";"6";"9";"4";"19"
"270010 AGUA BRANCA                                                                                         ";"12";"14";"11";"37"
"270020 ANADIA                                                                                              ";"10";"10";"10";"30"
"270030 ARAPIRACA                                                                                           ";"251";"274";"244";"769"
"270040 ATALAIA                                                                                             ";"22";"15";"18";"55"
"270050 BARRA DE SANTO ANTONIO                                                                              ";"11";"5";"7";"23"
"270060 BARRA DE SAO MIGUEL                                                                                 ";"5";"9";"7";"21"
"270070 BATALHA                                                                                             ";"17";"3";"15";"35"
"270080 BELEM                                                                                               ";"3";"0";"1";"4"
"270090 BELO MONTE                                                                                          ";"9";"4";"1";"14"
"270100 BOCA DA MATA                                                                                        ";"18";"19";"11";"48"
"270110 BRANQUINHA                                                                                          ";"10";"7";"3";"20"
"270120 CACIMBINHAS                                                                                         ";"5";"9";"5";"19"
"270130 CAJUEIRO                                                                                            ";"6";"5";"14";"25"
"270135 CAMPESTRE                                                                                           ";"2";"5";"0";"7"
"270140 CAMPO ALEGRE                                                                                        ";"10";"15";"10";"35"
"270150 CAMPO GRANDE                                                                                        ";"8";"5";"6";"19"
"270160 CANAPI                                                                                              ";"3";"4";"3";"10"
"270170 CAPELA                                                                                              ";"9";"4";"7";"20"
"270180 CARNEIROS                                                                                           ";"4";"3";"5";"12"
"270190 CHA PRETA                                                                                           ";"2";"1";"2";"5"
"270200 COITE DO NOIA                                                                                       ";"7";"7";"7";"21"
"270210 COLONIA LEOPOLDINA                                                                                  ";"7";"4";"8";"19"
"270220 COQUEIRO SECO                                                                                       ";"5";"2";"2";"9"
"270230 CORURIPE                                                                                            ";"30";"38";"31";"99"
"270235 CRAIBAS                                                                                             ";"16";"20";"21";"57"
"270240 DELMIRO GOUVEIA                                                                                     ";"21";"34";"27";"82"
"270250 DOIS RIACHOS                                                                                        ";"6";"8";"2";"16"
"270255 ESTRELA DE ALAGOAS                                                                                  ";"14";"16";"11";"41"
"270260 FEIRA GRANDE                                                                                        ";"19";"6";"14";"39"
"270270 FELIZ DESERTO                                                                                       ";"2";"0";"1";"3"
"270280 FLEXEIRAS                                                                                           ";"11";"7";"2";"20"
"270290 GIRAU DO PONCIANO                                                                                   ";"24";"8";"21";"53"
"270300 IBATEGUARA                                                                                          ";"12";"11";"3";"26"
"270310 IGACI                                                                                               ";"12";"32";"18";"62"
"270320 IGREJA NOVA                                                                                         ";"6";"4";"9";"19"
"270330 INHAPI                                                                                              ";"11";"5";"9";"25"
"270340 JACARE DOS HOMENS                                                                                   ";"6";"4";"5";"15"
"270350 JACUIPE                                                                                             ";"2";"2";"2";"6"
"270360 JAPARATINGA                                                                                         ";"2";"0";"4";"6"
"270370 JARAMATAIA                                                                                          ";"3";"3";"4";"10"
"270375 JEQUIA DA PRAIA                                                                                     ";"2";"6";"3";"11"
"270380 JOAQUIM GOMES                                                                                       ";"6";"2";"7";"15"
"270390 JUNDIA                                                                                              ";"3";"2";"2";"7"
"270400 JUNQUEIRO                                                                                           ";"3";"6";"9";"18"
"270410 LAGOA DA CANOA                                                                                      ";"9";"10";"11";"30"
"270420 LIMOEIRO DE ANADIA                                                                                  ";"12";"24";"12";"48"
"270430 MACEIO                                                                                              ";"796";"772";"800";"2368"
"270440 MAJOR ISIDORO                                                                                       ";"12";"10";"17";"39"
"270450 MARAGOGI                                                                                            ";"8";"14";"8";"30"
"270460 MARAVILHA                                                                                           ";"4";"6";"6";"16"
"270470 MARECHAL DEODORO                                                                                    ";"33";"25";"34";"92"
"270480 MARIBONDO                                                                                           ";"8";"17";"5";"30"
"270490 MAR VERMELHO                                                                                        ";"2";"3";"3";"8"
"270500 MATA GRANDE                                                                                         ";"7";"10";"6";"23"
"270510 MATRIZ DE CAMARAGIBE                                                                                ";"15";"7";"11";"33"
"270520 MESSIAS                                                                                             ";"9";"12";"10";"31"
"270530 MINADOR DO NEGRAO                                                                                   ";"4";"5";"2";"11"
"270540 MONTEIROPOLIS                                                                                       ";"1";"3";"8";"12"
"270550 MURICI                                                                                              ";"12";"14";"16";"42"
"270560 NOVO LINO                                                                                           ";"7";"3";"2";"12"
"270570 OLHO D\'AGUA DAS FLORES                                                                              ";"13";"13";"16";"42"
"270580 OLHO D\'AGUA DO CASADO                                                                               ";"3";"8";"9";"20"
"270590 OLHO D\'AGUA GRANDE                                                                                  ";"0";"3";"4";"7"
"270600 OLIVENCA                                                                                            ";"5";"7";"3";"15"
"270610 OURO BRANCO                                                                                         ";"2";"10";"5";"17"
"270620 PALESTINA                                                                                           ";"1";"3";"0";"4"
"270630 PALMEIRA DOS INDIOS                                                                                 ";"55";"46";"47";"148"
"270640 PAO DE ACUCAR                                                                                       ";"17";"15";"7";"39"
"270642 PARICONHA                                                                                           ";"2";"4";"7";"13"
"270644 PARIPUEIRA                                                                                          ";"11";"9";"7";"27"
"270650 PASSO DE CAMARAGIBE                                                                                 ";"4";"2";"4";"10"
"270660 PAULO JACINTO                                                                                       ";"6";"6";"5";"17"
"270670 PENEDO                                                                                              ";"26";"31";"31";"88"
"270680 PIACABUCU                                                                                           ";"10";"8";"7";"25"
"270690 PILAR                                                                                               ";"11";"22";"16";"49"
"270700 PINDOBA                                                                                             ";"2";"0";"1";"3"
"270710 PIRANHAS                                                                                            ";"18";"13";"8";"39"
"270720 POCO DAS TRINCHEIRAS                                                                                ";"5";"3";"3";"11"
"270730 PORTO CALVO                                                                                         ";"10";"16";"6";"32"
"270740 PORTO DE PEDRAS                                                                                     ";"7";"2";"1";"10"
"270750 PORTO REAL DO COLEGIO                                                                               ";"4";"4";"2";"10"
"270760 QUEBRANGULO                                                                                         ";"4";"3";"7";"14"
"270770 RIO LARGO                                                                                           ";"43";"58";"42";"143"
"270780 ROTEIRO                                                                                             ";"4";"8";"1";"13"
"270790 SANTA LUZIA DO NORTE                                                                                ";"5";"3";"6";"14"
"270800 SANTANA DO IPANEMA                                                                                  ";"21";"27";"17";"65"
"270810 SANTANA DO MUNDAU                                                                                   ";"3";"4";"5";"12"
"270820 SAO BRAS                                                                                            ";"1";"0";"3";"4"
"270830 SAO JOSE DA LAJE                                                                                    ";"9";"19";"7";"35"
"270840 SAO JOSE DA TAPERA                                                                                  ";"14";"18";"15";"47"
"270850 SAO LUIS DO QUITUNDE                                                                                ";"12";"15";"16";"43"
"270860 SAO MIGUEL DOS CAMPOS                                                                               ";"35";"26";"29";"90"
"270870 SAO MIGUEL DOS MILAGRES                                                                             ";"3";"7";"1";"11"
"270880 SAO SEBASTIAO                                                                                       ";"24";"22";"16";"62"
"270890 SATUBA                                                                                              ";"11";"12";"6";"29"
"270895 SENADOR RUI PALMEIRA                                                                                ";"6";"2";"4";"12"
"270900 TANQUE D\'ARCA                                                                                       ";"3";"4";"1";"8"
"270910 TAQUARANA                                                                                           ";"19";"15";"10";"44"
"270915 TEOTONIO VILELA                                                                                     ";"22";"22";"19";"63"
"270920 TRAIPU                                                                                              ";"15";"12";"11";"38"
"270930 UNIAO DOS PALMARES                                                                                  ";"49";"37";"32";"118"
"270940 VICOSA                                                                                              ";"12";"16";"14";"42"
"280010 AMPARO DE SAO FRANCISCO                                                                             ";"0";"1";"3";"4"
"280020 AQUIDABA                                                                                            ";"2";"8";"9";"19"
"280030 ARACAJU                                                                                             ";"35";"245";"414";"694"
"280040 ARAUA                                                                                               ";"1";"3";"4";"8"
"280050 AREIA BRANCA                                                                                        ";"0";"2";"6";"8"
"280060 BARRA DOS COQUEIROS                                                                                 ";"3";"7";"7";"17"
"280067 BOQUIM                                                                                              ";"4";"12";"17";"33"
"280070 BREJO GRANDE                                                                                        ";"0";"0";"3";"3"
"280100 CAMPO DO BRITO                                                                                      ";"1";"7";"9";"17"
"280110 CANHOBA                                                                                             ";"1";"0";"2";"3"
"280120 CANINDE DE SAO FRANCISCO                                                                            ";"2";"6";"7";"15"
"280130 CAPELA                                                                                              ";"2";"7";"15";"24"
"280140 CARIRA                                                                                              ";"2";"2";"13";"17"
"280150 CARMOPOLIS                                                                                          ";"0";"1";"4";"5"
"280160 CEDRO DE SAO JOAO                                                                                   ";"1";"1";"3";"5"
"280170 CRISTINAPOLIS                                                                                       ";"0";"3";"10";"13"
"280190 CUMBE                                                                                               ";"0";"2";"0";"2"
"280200 DIVINA PASTORA                                                                                      ";"0";"1";"1";"2"
"280210 ESTANCIA                                                                                            ";"4";"21";"40";"65"
"280220 FEIRA NOVA                                                                                          ";"0";"2";"4";"6"
"280230 FREI PAULO                                                                                          ";"0";"3";"8";"11"
"280240 GARARU                                                                                              ";"1";"3";"8";"12"
"280250 GENERAL MAYNARD                                                                                     ";"1";"0";"2";"3"
"280260 GRACHO CARDOSO                                                                                      ";"0";"4";"4";"8"
"280270 ILHA DAS FLORES                                                                                     ";"1";"0";"5";"6"
"280280 INDIAROBA                                                                                           ";"1";"4";"12";"17"
"280290 ITABAIANA                                                                                           ";"4";"30";"45";"79"
"280300 ITABAIANINHA                                                                                        ";"1";"17";"18";"36"
"280310 ITABI                                                                                               ";"1";"0";"2";"3"
"280320 ITAPORANGA D\'AJUDA                                                                                  ";"2";"4";"21";"27"
"280330 JAPARATUBA                                                                                          ";"1";"5";"6";"12"
"280340 JAPOATA                                                                                             ";"1";"2";"2";"5"
"280350 LAGARTO                                                                                             ";"4";"38";"57";"99"
"280360 LARANJEIRAS                                                                                         ";"4";"11";"11";"26"
"280370 MACAMBIRA                                                                                           ";"0";"3";"2";"5"
"280380 MALHADA DOS BOIS                                                                                    ";"0";"0";"2";"2"
"280390 MALHADOR                                                                                            ";"0";"3";"8";"11"
"280400 MARUIM                                                                                              ";"0";"7";"10";"17"
"280410 MOITA BONITA                                                                                        ";"1";"3";"6";"10"
"280420 MONTE ALEGRE DE SERGIPE                                                                             ";"0";"2";"7";"9"
"280430 MURIBECA                                                                                            ";"1";"2";"2";"5"
"280440 NEOPOLIS                                                                                            ";"0";"8";"11";"19"
"280445 NOSSA SENHORA APARECIDA                                                                             ";"1";"5";"5";"11"
"280450 NOSSA SENHORA DA GLORIA                                                                             ";"2";"11";"27";"40"
"280460 NOSSA SENHORA DAS DORES                                                                             ";"0";"8";"16";"24"
"280470 NOSSA SENHORA DE LOURDES                                                                            ";"0";"1";"5";"6"
"280480 NOSSA SENHORA DO SOCORRO                                                                            ";"9";"46";"87";"142"
"280490 PACATUBA                                                                                            ";"1";"3";"2";"6"
"280500 PEDRA MOLE                                                                                          ";"0";"0";"4";"4"
"280510 PEDRINHAS                                                                                           ";"0";"3";"2";"5"
"280520 PINHAO                                                                                              ";"0";"2";"7";"9"
"280530 PIRAMBU                                                                                             ";"0";"0";"3";"3"
"280540 POCO REDONDO                                                                                        ";"1";"8";"10";"19"
"280550 POCO VERDE                                                                                          ";"1";"13";"22";"36"
"280560 PORTO DA FOLHA                                                                                      ";"0";"7";"14";"21"
"280570 PROPRIA                                                                                             ";"1";"14";"13";"28"
"280580 RIACHAO DO DANTAS                                                                                   ";"1";"5";"14";"20"
"280590 RIACHUELO                                                                                           ";"1";"1";"2";"4"
"280600 RIBEIROPOLIS                                                                                        ";"1";"5";"8";"14"
"280610 ROSARIO DO CATETE                                                                                   ";"1";"8";"3";"12"
"280620 SALGADO                                                                                             ";"1";"11";"13";"25"
"280630 SANTA LUZIA DO ITANHY                                                                               ";"0";"6";"3";"9"
"280640 SANTANA DO SAO FRANCISCO                                                                            ";"0";"3";"2";"5"
"280650 SANTA ROSA DE LIMA                                                                                  ";"0";"0";"5";"5"
"280660 SANTO AMARO DAS BROTAS                                                                              ";"0";"2";"7";"9"
"280670 SAO CRISTOVAO                                                                                       ";"2";"31";"40";"73"
"280680 SAO DOMINGOS                                                                                        ";"0";"1";"3";"4"
"280690 SAO FRANCISCO                                                                                       ";"0";"0";"2";"2"
"280700 SAO MIGUEL DO ALEIXO                                                                                ";"1";"0";"3";"4"
"280710 SIMAO DIAS                                                                                          ";"4";"9";"28";"41"
"280720 SIRIRI                                                                                              ";"0";"2";"2";"4"
"280730 TELHA                                                                                               ";"1";"1";"1";"3"
"280740 TOBIAS BARRETO                                                                                      ";"6";"16";"24";"46"
"280750 TOMAR DO GERU                                                                                       ";"0";"9";"1";"10"
"280760 UMBAUBA                                                                                             ";"1";"7";"7";"15"
"290010 ABAIRA                                                                                              ";"1";"4";"4";"9"
"290020 ABARE                                                                                               ";"4";"10";"6";"20"
"290030 ACAJUTIBA                                                                                           ";"7";"6";"10";"23"
"290035 ADUSTINA                                                                                            ";"1";"3";"6";"10"
"290040 AGUA FRIA                                                                                           ";"2";"3";"7";"12"
"290050 ERICO CARDOSO                                                                                       ";"4";"5";"4";"13"
"290060 AIQUARA                                                                                             ";"1";"2";"0";"3"
"290070 ALAGOINHAS                                                                                          ";"72";"63";"76";"211"
"290080 ALCOBACA                                                                                            ";"10";"6";"5";"21"
"290090 ALMADINA                                                                                            ";"4";"11";"6";"21"
"290100 AMARGOSA                                                                                            ";"21";"19";"15";"55"
"290110 AMELIA RODRIGUES                                                                                    ";"27";"17";"16";"60"
"290115 AMERICA DOURADA                                                                                     ";"2";"9";"3";"14"
"290120 ANAGE                                                                                               ";"10";"12";"20";"42"
"290130 ANDARAI                                                                                             ";"2";"0";"4";"6"
"290135 ANDORINHA                                                                                           ";"4";"10";"14";"28"
"290140 ANGICAL                                                                                             ";"0";"2";"0";"2"
"290150 ANGUERA                                                                                             ";"8";"8";"6";"22"
"290160 ANTAS                                                                                               ";"4";"6";"4";"14"
"290170 ANTONIO CARDOSO                                                                                     ";"16";"8";"7";"31"
"290180 ANTONIO GONCALVES                                                                                   ";"6";"6";"7";"19"
"290190 APORA                                                                                               ";"3";"4";"6";"13"
"290195 APUAREMA                                                                                            ";"2";"3";"7";"12"
"290200 ARACATU                                                                                             ";"12";"14";"16";"42"
"290205 ARACAS                                                                                              ";"2";"4";"6";"12"
"290210 ARACI                                                                                               ";"13";"5";"28";"46"
"290220 ARAMARI                                                                                             ";"6";"8";"10";"24"
"290225 ARATACA                                                                                             ";"5";"4";"6";"15"
"290230 ARATUIPE                                                                                            ";"2";"4";"6";"12"
"290240 AURELINO LEAL                                                                                       ";"5";"10";"5";"20"
"290250 BAIANOPOLIS                                                                                         ";"5";"3";"5";"13"
"290260 BAIXA GRANDE                                                                                        ";"8";"15";"11";"34"
"290265 BANZAE                                                                                              ";"5";"5";"9";"19"
"290270 BARRA                                                                                               ";"10";"20";"11";"41"
"290280 BARRA DA ESTIVA                                                                                     ";"11";"12";"18";"41"
"290290 BARRA DO CHOCA                                                                                      ";"24";"41";"26";"91"
"290300 BARRA DO MENDES                                                                                     ";"7";"9";"8";"24"
"290310 BARRA DO ROCHA                                                                                      ";"3";"5";"2";"10"
"290320 BARREIRAS                                                                                           ";"39";"48";"35";"122"
"290323 BARRO ALTO                                                                                          ";"6";"6";"10";"22"
"290327 BARROCAS                                                                                            ";"7";"6";"8";"21"
"290330 BARRO PRETO                                                                                         ";"5";"5";"5";"15"
"290340 BELMONTE                                                                                            ";"8";"4";"12";"24"
"290350 BELO CAMPO                                                                                          ";"15";"12";"5";"32"
"290360 BIRITINGA                                                                                           ";"3";"9";"5";"17"
"290370 BOA NOVA                                                                                            ";"2";"6";"9";"17"
"290380 BOA VISTA DO TUPIM                                                                                  ";"2";"1";"6";"9"
"290390 BOM JESUS DA LAPA                                                                                   ";"19";"24";"18";"61"
"290395 BOM JESUS DA SERRA                                                                                  ";"7";"7";"0";"14"
"290400 BONINAL                                                                                             ";"2";"3";"5";"10"
"290405 BONITO                                                                                              ";"3";"3";"6";"12"
"290410 BOQUIRA                                                                                             ";"7";"7";"11";"25"
"290420 BOTUPORA                                                                                            ";"7";"7";"7";"21"
"290430 BREJOES                                                                                             ";"1";"2";"2";"5"
"290440 BREJOLANDIA                                                                                         ";"2";"2";"2";"6"
"290450 BROTAS DE MACAUBAS                                                                                  ";"4";"9";"5";"18"
"290460 BRUMADO                                                                                             ";"65";"87";"65";"217"
"290470 BUERAREMA                                                                                           ";"26";"14";"10";"50"
"290475 BURITIRAMA                                                                                          ";"2";"2";"0";"4"
"290480 CAATIBA                                                                                             ";"5";"4";"5";"14"
"290485 CABACEIRAS DO PARAGUACU                                                                             ";"6";"11";"7";"24"
"290490 CACHOEIRA                                                                                           ";"16";"21";"11";"48"
"290500 CACULE                                                                                              ";"7";"17";"16";"40"
"290510 CAEM                                                                                                ";"6";"3";"6";"15"
"290515 CAETANOS                                                                                            ";"5";"10";"6";"21"
"290520 CAETITE                                                                                             ";"20";"32";"34";"86"
"290530 CAFARNAUM                                                                                           ";"10";"3";"8";"21"
"290540 CAIRU                                                                                               ";"5";"5";"4";"14"
"290550 CALDEIRAO GRANDE                                                                                    ";"4";"6";"5";"15"
"290560 CAMACAN                                                                                             ";"17";"27";"17";"61"
"290570 CAMACARI                                                                                            ";"116";"104";"147";"367"
"290580 CAMAMU                                                                                              ";"11";"20";"12";"43"
"290590 CAMPO ALEGRE DE LOURDES                                                                             ";"0";"3";"4";"7"
"290600 CAMPO FORMOSO                                                                                       ";"19";"24";"25";"68"
"290610 CANAPOLIS                                                                                           ";"0";"0";"2";"2"
"290620 CANARANA                                                                                            ";"11";"4";"13";"28"
"290630 CANAVIEIRAS                                                                                         ";"18";"13";"9";"40"
"290640 CANDEAL                                                                                             ";"4";"6";"6";"16"
"290650 CANDEIAS                                                                                            ";"51";"46";"60";"157"
"290660 CANDIBA                                                                                             ";"6";"6";"11";"23"
"290670 CANDIDO SALES                                                                                       ";"11";"19";"26";"56"
"290680 CANSANCAO                                                                                           ";"4";"8";"11";"23"
"290682 CANUDOS                                                                                             ";"4";"4";"2";"10"
"290685 CAPELA DO ALTO ALEGRE                                                                               ";"5";"9";"10";"24"
"290687 CAPIM GROSSO                                                                                        ";"8";"12";"16";"36"
"290689 CARAIBAS                                                                                            ";"6";"8";"8";"22"
"290690 CARAVELAS                                                                                           ";"5";"6";"2";"13"
"290700 CARDEAL DA SILVA                                                                                    ";"1";"5";"1";"7"
"290710 CARINHANHA                                                                                          ";"5";"13";"8";"26"
"290720 CASA NOVA                                                                                           ";"23";"20";"24";"67"
"290730 CASTRO ALVES                                                                                        ";"15";"11";"18";"44"
"290750 CATU                                                                                                ";"36";"31";"39";"106"
"290755 CATURAMA                                                                                            ";"2";"3";"2";"7"
"290760 CENTRAL                                                                                             ";"7";"6";"15";"28"
"290770 CHORROCHO                                                                                           ";"1";"4";"8";"13"
"290780 CICERO DANTAS                                                                                       ";"16";"11";"15";"42"
"290790 CIPO                                                                                                ";"9";"14";"8";"31"
"290800 COARACI                                                                                             ";"20";"13";"19";"52"
"290810 COCOS                                                                                               ";"2";"1";"4";"7"
"290820 CONCEICAO DA FEIRA                                                                                  ";"7";"6";"8";"21"
"290830 CONCEICAO DO ALMEIDA                                                                                ";"10";"1";"15";"26"
"290840 CONCEICAO DO COITE                                                                                  ";"20";"20";"29";"69"
"290850 CONCEICAO DO JACUIPE                                                                                ";"14";"25";"13";"52"
"290860 CONDE                                                                                               ";"4";"8";"6";"18"
"290870 CONDEUBA                                                                                            ";"17";"23";"11";"51"
"290880 CONTENDAS DO SINCORA                                                                                ";"0";"2";"5";"7"
"290890 CORACAO DE MARIA                                                                                    ";"10";"23";"22";"55"
"290900 CORDEIROS                                                                                           ";"5";"5";"7";"17"
"290910 CORIBE                                                                                              ";"3";"3";"1";"7"
"290920 CORONEL JOAO SA                                                                                     ";"0";"3";"6";"9"
"290930 CORRENTINA                                                                                          ";"5";"2";"0";"7"
"290940 COTEGIPE                                                                                            ";"2";"5";"1";"8"
"290950 CRAVOLANDIA                                                                                         ";"1";"1";"1";"3"
"290960 CRISOPOLIS                                                                                          ";"3";"10";"13";"26"
"290970 CRISTOPOLIS                                                                                         ";"1";"1";"1";"3"
"290980 CRUZ DAS ALMAS                                                                                      ";"37";"33";"33";"103"
"290990 CURACA                                                                                              ";"12";"13";"15";"40"
"291000 DARIO MEIRA                                                                                         ";"3";"3";"6";"12"
"291005 DIAS D\'AVILA                                                                                        ";"31";"39";"41";"111"
"291010 DOM BASILIO                                                                                         ";"11";"10";"7";"28"
"291020 DOM MACEDO COSTA                                                                                    ";"1";"3";"2";"6"
"291030 ELISIO MEDRADO                                                                                      ";"6";"3";"2";"11"
"291040 ENCRUZILHADA                                                                                        ";"13";"13";"18";"44"
"291050 ENTRE RIOS                                                                                          ";"17";"17";"18";"52"
"291060 ESPLANADA                                                                                           ";"10";"17";"15";"42"
"291070 EUCLIDES DA CUNHA                                                                                   ";"21";"18";"39";"78"
"291072 EUNAPOLIS                                                                                           ";"44";"55";"39";"138"
"291075 FATIMA                                                                                              ";"3";"3";"2";"8"
"291077 FEIRA DA MATA                                                                                       ";"1";"2";"3";"6"
"291080 FEIRA DE SANTANA                                                                                    ";"737";"713";"695";"2145"
"291085 FILADELFIA                                                                                          ";"7";"5";"10";"22"
"291090 FIRMINO ALVES                                                                                       ";"3";"2";"5";"10"
"291100 FLORESTA AZUL                                                                                       ";"6";"6";"4";"16"
"291110 FORMOSA DO RIO PRETO                                                                                ";"7";"11";"11";"29"
"291120 GANDU                                                                                               ";"7";"8";"12";"27"
"291125 GAVIAO                                                                                              ";"8";"5";"1";"14"
"291130 GENTIO DO OURO                                                                                      ";"5";"3";"2";"10"
"291140 GLORIA                                                                                              ";"5";"3";"4";"12"
"291150 GONGOGI                                                                                             ";"4";"2";"9";"15"
"291160 GOVERNADOR MANGABEIRA                                                                               ";"12";"12";"10";"34"
"291165 GUAJERU                                                                                             ";"9";"10";"7";"26"
"291170 GUANAMBI                                                                                            ";"64";"67";"80";"211"
"291180 GUARATINGA                                                                                          ";"5";"7";"4";"16"
"291185 HELIOPOLIS                                                                                          ";"3";"4";"8";"15"
"291190 IACU                                                                                                ";"9";"10";"12";"31"
"291200 IBIASSUCE                                                                                           ";"6";"3";"6";"15"
"291210 IBICARAI                                                                                            ";"26";"19";"25";"70"
"291220 IBICOARA                                                                                            ";"7";"9";"7";"23"
"291230 IBICUI                                                                                              ";"5";"11";"4";"20"
"291240 IBIPEBA                                                                                             ";"7";"8";"10";"25"
"291250 IBIPITANGA                                                                                          ";"6";"5";"4";"15"
"291260 IBIQUERA                                                                                            ";"0";"1";"0";"1"
"291270 IBIRAPITANGA                                                                                        ";"8";"14";"5";"27"
"291280 IBIRAPUA                                                                                            ";"3";"8";"6";"17"
"291290 IBIRATAIA                                                                                           ";"11";"13";"8";"32"
"291300 IBITIARA                                                                                            ";"6";"9";"9";"24"
"291310 IBITITA                                                                                             ";"10";"8";"8";"26"
"291320 IBOTIRAMA                                                                                           ";"6";"16";"18";"40"
"291330 ICHU                                                                                                ";"2";"5";"2";"9"
"291340 IGAPORA                                                                                             ";"9";"16";"14";"39"
"291345 IGRAPIUNA                                                                                           ";"5";"1";"12";"18"
"291350 IGUAI                                                                                               ";"8";"16";"11";"35"
"291360 ILHEUS                                                                                              ";"173";"222";"183";"578"
"291370 INHAMBUPE                                                                                           ";"25";"15";"17";"57"
"291380 IPECAETA                                                                                            ";"12";"15";"12";"39"
"291390 IPIAU                                                                                               ";"16";"37";"37";"90"
"291400 IPIRA                                                                                               ";"34";"38";"50";"122"
"291410 IPUPIARA                                                                                            ";"8";"8";"5";"21"
"291420 IRAJUBA                                                                                             ";"2";"1";"1";"4"
"291430 IRAMAIA                                                                                             ";"1";"4";"2";"7"
"291440 IRAQUARA                                                                                            ";"8";"16";"5";"29"
"291450 IRARA                                                                                               ";"18";"13";"15";"46"
"291460 IRECE                                                                                               ";"41";"45";"43";"129"
"291465 ITABELA                                                                                             ";"10";"7";"7";"24"
"291470 ITABERABA                                                                                           ";"11";"29";"38";"78"
"291480 ITABUNA                                                                                             ";"287";"295";"283";"865"
"291490 ITACARE                                                                                             ";"13";"4";"8";"25"
"291500 ITAETE                                                                                              ";"4";"4";"9";"17"
"291510 ITAGI                                                                                               ";"6";"9";"7";"22"
"291520 ITAGIBA                                                                                             ";"9";"4";"12";"25"
"291530 ITAGIMIRIM                                                                                          ";"6";"1";"5";"12"
"291535 ITAGUACU DA BAHIA                                                                                   ";"9";"2";"7";"18"
"291540 ITAJU DO COLONIA                                                                                    ";"1";"1";"1";"3"
"291550 ITAJUIPE                                                                                            ";"18";"11";"19";"48"
"291560 ITAMARAJU                                                                                           ";"18";"27";"26";"71"
"291570 ITAMARI                                                                                             ";"6";"2";"0";"8"
"291580 ITAMBE                                                                                              ";"18";"20";"6";"44"
"291590 ITANAGRA                                                                                            ";"2";"2";"2";"6"
"291600 ITANHEM                                                                                             ";"9";"9";"7";"25"
"291610 ITAPARICA                                                                                           ";"8";"6";"15";"29"
"291620 ITAPE                                                                                               ";"5";"10";"8";"23"
"291630 ITAPEBI                                                                                             ";"8";"5";"2";"15"
"291640 ITAPETINGA                                                                                          ";"38";"36";"49";"123"
"291650 ITAPICURU                                                                                           ";"9";"8";"7";"24"
"291660 ITAPITANGA                                                                                          ";"7";"7";"7";"21"
"291670 ITAQUARA                                                                                            ";"1";"0";"4";"5"
"291680 ITARANTIM                                                                                           ";"14";"6";"2";"22"
"291685 ITATIM                                                                                              ";"3";"5";"12";"20"
"291690 ITIRUCU                                                                                             ";"2";"5";"3";"10"
"291700 ITIUBA                                                                                              ";"5";"20";"9";"34"
"291710 ITORORO                                                                                             ";"10";"12";"11";"33"
"291720 ITUACU                                                                                              ";"13";"9";"7";"29"
"291730 ITUBERA                                                                                             ";"8";"14";"12";"34"
"291733 IUIU                                                                                                ";"3";"7";"2";"12"
"291735 JABORANDI                                                                                           ";"1";"2";"1";"4"
"291740 JACARACI                                                                                            ";"8";"8";"8";"24"
"291750 JACOBINA                                                                                            ";"33";"35";"31";"99"
"291760 JAGUAQUARA                                                                                          ";"17";"14";"23";"54"
"291770 JAGUARARI                                                                                           ";"15";"12";"13";"40"
"291780 JAGUARIPE                                                                                           ";"4";"8";"5";"17"
"291790 JANDAIRA                                                                                            ";"1";"1";"4";"6"
"291800 JEQUIE                                                                                              ";"53";"80";"94";"227"
"291810 JEREMOABO                                                                                           ";"6";"20";"18";"44"
"291820 JIQUIRICA                                                                                           ";"0";"3";"5";"8"
"291830 JITAUNA                                                                                             ";"10";"8";"14";"32"
"291835 JOAO DOURADO                                                                                        ";"7";"10";"5";"22"
"291840 JUAZEIRO                                                                                            ";"134";"127";"135";"396"
"291845 JUCURUCU                                                                                            ";"4";"2";"3";"9"
"291850 JUSSARA                                                                                             ";"6";"8";"6";"20"
"291855 JUSSARI                                                                                             ";"2";"4";"4";"10"
"291860 JUSSIAPE                                                                                            ";"2";"6";"3";"11"
"291870 LAFAIETE COUTINHO                                                                                   ";"2";"5";"4";"11"
"291875 LAGOA REAL                                                                                          ";"10";"7";"7";"24"
"291880 LAJE                                                                                                ";"13";"12";"10";"35"
"291890 LAJEDAO                                                                                             ";"1";"1";"3";"5"
"291900 LAJEDINHO                                                                                           ";"2";"1";"4";"7"
"291905 LAJEDO DO TABOCAL                                                                                   ";"6";"9";"5";"20"
"291910 LAMARAO                                                                                             ";"1";"1";"3";"5"
"291915 LAPAO                                                                                               ";"15";"16";"13";"44"
"291920 LAURO DE FREITAS                                                                                    ";"105";"103";"106";"314"
"291930 LENCOIS                                                                                             ";"2";"1";"2";"5"
"291940 LICINIO DE ALMEIDA                                                                                  ";"6";"7";"12";"25"
"291950 LIVRAMENTO DE NOSSA SENHORA                                                                         ";"29";"38";"26";"93"
"291955 LUIS EDUARDO MAGALHAES                                                                              ";"24";"21";"21";"66"
"291960 MACAJUBA                                                                                            ";"4";"2";"2";"8"
"291970 MACARANI                                                                                            ";"12";"7";"16";"35"
"291980 MACAUBAS                                                                                            ";"14";"12";"17";"43"
"291990 MACURURE                                                                                            ";"4";"3";"1";"8"
"291992 MADRE DE DEUS                                                                                       ";"6";"13";"13";"32"
"291995 MAETINGA                                                                                            ";"5";"4";"3";"12"
"292000 MAIQUINIQUE                                                                                         ";"4";"8";"4";"16"
"292010 MAIRI                                                                                               ";"6";"8";"7";"21"
"292020 MALHADA                                                                                             ";"9";"10";"5";"24"
"292030 MALHADA DE PEDRAS                                                                                   ";"5";"4";"7";"16"
"292040 MANOEL VITORINO                                                                                     ";"5";"5";"6";"16"
"292045 MANSIDAO                                                                                            ";"0";"0";"1";"1"
"292050 MARACAS                                                                                             ";"2";"10";"15";"27"
"292060 MARAGOGIPE                                                                                          ";"25";"22";"21";"68"
"292070 MARAU                                                                                               ";"8";"7";"8";"23"
"292080 MARCIONILIO SOUZA                                                                                   ";"2";"5";"2";"9"
"292090 MASCOTE                                                                                             ";"9";"7";"8";"24"
"292100 MATA DE SAO JOAO                                                                                    ";"21";"32";"28";"81"
"292105 MATINA                                                                                              ";"9";"7";"7";"23"
"292110 MEDEIROS NETO                                                                                       ";"8";"11";"7";"26"
"292120 MIGUEL CALMON                                                                                       ";"8";"9";"14";"31"
"292130 MILAGRES                                                                                            ";"0";"6";"5";"11"
"292140 MIRANGABA                                                                                           ";"5";"3";"10";"18"
"292145 MIRANTE                                                                                             ";"3";"5";"9";"17"
"292150 MONTE SANTO                                                                                         ";"10";"16";"19";"45"
"292160 MORPARA                                                                                             ";"1";"1";"6";"8"
"292170 MORRO DO CHAPEU                                                                                     ";"12";"18";"6";"36"
"292180 MORTUGABA                                                                                           ";"7";"10";"5";"22"
"292190 MUCUGE                                                                                              ";"1";"1";"3";"5"
"292200 MUCURI                                                                                              ";"9";"16";"11";"36"
"292205 MULUNGU DO MORRO                                                                                    ";"4";"6";"8";"18"
"292210 MUNDO NOVO                                                                                          ";"6";"8";"9";"23"
"292220 MUNIZ FERREIRA                                                                                      ";"6";"5";"3";"14"
"292225 MUQUEM DE SAO FRANCISCO                                                                             ";"1";"4";"8";"13"
"292230 MURITIBA                                                                                            ";"12";"15";"13";"40"
"292240 MUTUIPE                                                                                             ";"13";"13";"7";"33"
"292250 NAZARE                                                                                              ";"16";"14";"14";"44"
"292260 NILO PECANHA                                                                                        ";"5";"4";"4";"13"
"292265 NORDESTINA                                                                                          ";"1";"3";"4";"8"
"292270 NOVA CANAA                                                                                          ";"13";"4";"5";"22"
"292273 NOVA FATIMA                                                                                         ";"6";"8";"10";"24"
"292275 NOVA IBIA                                                                                           ";"5";"2";"2";"9"
"292280 NOVA ITARANA                                                                                        ";"1";"3";"2";"6"
"292285 NOVA REDENCAO                                                                                       ";"3";"3";"7";"13"
"292290 NOVA SOURE                                                                                          ";"6";"13";"14";"33"
"292300 NOVA VICOSA                                                                                         ";"7";"11";"7";"25"
"292303 NOVO HORIZONTE                                                                                      ";"2";"5";"3";"10"
"292305 NOVO TRIUNFO                                                                                        ";"8";"3";"3";"14"
"292310 OLINDINA                                                                                            ";"14";"8";"14";"36"
"292320 OLIVEIRA DOS BREJINHOS                                                                              ";"8";"6";"9";"23"
"292330 OURICANGAS                                                                                          ";"2";"2";"5";"9"
"292335 OUROLANDIA                                                                                          ";"8";"7";"7";"22"
"292340 PALMAS DE MONTE ALTO                                                                                ";"13";"13";"19";"45"
"292350 PALMEIRAS                                                                                           ";"4";"5";"2";"11"
"292360 PARAMIRIM                                                                                           ";"4";"11";"17";"32"
"292370 PARATINGA                                                                                           ";"3";"7";"11";"21"
"292380 PARIPIRANGA                                                                                         ";"1";"2";"10";"13"
"292390 PAU BRASIL                                                                                          ";"5";"3";"3";"11"
"292400 PAULO AFONSO                                                                                        ";"39";"66";"50";"155"
"292405 PE DE SERRA                                                                                         ";"7";"10";"5";"22"
"292410 PEDRAO                                                                                              ";"2";"5";"3";"10"
"292420 PEDRO ALEXANDRE                                                                                     ";"0";"1";"2";"3"
"292430 PIATA                                                                                               ";"6";"10";"6";"22"
"292440 PILAO ARCADO                                                                                        ";"1";"6";"10";"17"
"292450 PINDAI                                                                                              ";"7";"5";"14";"26"
"292460 PINDOBACU                                                                                           ";"9";"8";"11";"28"
"292465 PINTADAS                                                                                            ";"6";"4";"4";"14"
"292467 PIRAI DO NORTE                                                                                      ";"1";"1";"5";"7"
"292470 PIRIPA                                                                                              ";"8";"10";"11";"29"
"292480 PIRITIBA                                                                                            ";"7";"8";"10";"25"
"292490 PLANALTINO                                                                                          ";"1";"3";"2";"6"
"292500 PLANALTO                                                                                            ";"18";"29";"19";"66"
"292510 POCOES                                                                                              ";"23";"36";"34";"93"
"292520 POJUCA                                                                                              ";"23";"20";"23";"66"
"292525 PONTO NOVO                                                                                          ";"6";"7";"8";"21"
"292530 PORTO SEGURO                                                                                        ";"66";"58";"78";"202"
"292540 POTIRAGUA                                                                                           ";"6";"2";"5";"13"
"292550 PRADO                                                                                               ";"16";"11";"6";"33"
"292560 PRESIDENTE DUTRA                                                                                    ";"6";"9";"5";"20"
"292570 PRESIDENTE JANIO QUADROS                                                                            ";"6";"10";"10";"26"
"292575 PRESIDENTE TANCREDO NEVES                                                                           ";"14";"16";"15";"45"
"292580 QUEIMADAS                                                                                           ";"7";"7";"8";"22"
"292590 QUIJINGUE                                                                                           ";"5";"6";"11";"22"
"292593 QUIXABEIRA                                                                                          ";"1";"2";"4";"7"
"292595 RAFAEL JAMBEIRO                                                                                     ";"13";"18";"19";"50"
"292600 REMANSO                                                                                             ";"17";"9";"12";"38"
"292610 RETIROLANDIA                                                                                        ";"7";"3";"8";"18"
"292620 RIACHAO DAS NEVES                                                                                   ";"5";"3";"3";"11"
"292630 RIACHAO DO JACUIPE                                                                                  ";"18";"30";"39";"87"
"292640 RIACHO DE SANTANA                                                                                   ";"15";"17";"32";"64"
"292650 RIBEIRA DO AMPARO                                                                                   ";"2";"5";"5";"12"
"292660 RIBEIRA DO POMBAL                                                                                   ";"17";"27";"32";"76"
"292665 RIBEIRAO DO LARGO                                                                                   ";"3";"2";"5";"10"
"292670 RIO DE CONTAS                                                                                       ";"5";"12";"4";"21"
"292680 RIO DO ANTONIO                                                                                      ";"8";"5";"7";"20"
"292690 RIO DO PIRES                                                                                        ";"3";"2";"5";"10"
"292700 RIO REAL                                                                                            ";"7";"12";"14";"33"
"292710 RODELAS                                                                                             ";"2";"7";"0";"9"
"292720 RUY BARBOSA                                                                                         ";"5";"11";"15";"31"
"292730 SALINAS DA MARGARIDA                                                                                ";"6";"5";"5";"16"
"292740 SALVADOR                                                                                            ";"2073";"2307";"2318";"6698"
"292750 SANTA BARBARA                                                                                       ";"7";"23";"11";"41"
"292760 SANTA BRIGIDA                                                                                       ";"7";"4";"5";"16"
"292770 SANTA CRUZ CABRALIA                                                                                 ";"10";"14";"8";"32"
"292780 SANTA CRUZ DA VITORIA                                                                               ";"2";"4";"2";"8"
"292790 SANTA INES                                                                                          ";"3";"4";"3";"10"
"292800 SANTALUZ                                                                                            ";"10";"9";"18";"37"
"292805 SANTA LUZIA                                                                                         ";"6";"0";"2";"8"
"292810 SANTA MARIA DA VITORIA                                                                              ";"9";"3";"4";"16"
"292820 SANTANA                                                                                             ";"11";"3";"4";"18"
"292830 SANTANOPOLIS                                                                                        ";"9";"12";"11";"32"
"292840 SANTA RITA DE CASSIA                                                                                ";"5";"1";"4";"10"
"292850 SANTA TERESINHA                                                                                     ";"7";"5";"4";"16"
"292860 SANTO AMARO                                                                                         ";"21";"22";"35";"78"
"292870 SANTO ANTONIO DE JESUS                                                                              ";"52";"42";"45";"139"
"292880 SANTO ESTEVAO                                                                                       ";"37";"35";"36";"108"
"292890 SAO DESIDERIO                                                                                       ";"12";"12";"7";"31"
"292895 SAO DOMINGOS                                                                                        ";"2";"3";"6";"11"
"292900 SAO FELIX                                                                                           ";"8";"5";"9";"22"
"292905 SAO FELIX DO CORIBE                                                                                 ";"2";"4";"2";"8"
"292910 SAO FELIPE                                                                                          ";"6";"9";"10";"25"
"292920 SAO FRANCISCO DO CONDE                                                                              ";"13";"24";"22";"59"
"292925 SAO GABRIEL                                                                                         ";"7";"10";"15";"32"
"292930 SAO GONCALO DOS CAMPOS                                                                              ";"25";"33";"26";"84"
"292935 SAO JOSE DA VITORIA                                                                                 ";"6";"12";"6";"24"
"292937 SAO JOSE DO JACUIPE                                                                                 ";"4";"3";"5";"12"
"292940 SAO MIGUEL DAS MATAS                                                                                ";"3";"7";"2";"12"
"292950 SAO SEBASTIAO DO PASSE                                                                              ";"15";"23";"19";"57"
"292960 SAPEACU                                                                                             ";"13";"13";"4";"30"
"292970 SATIRO DIAS                                                                                         ";"4";"5";"6";"15"
"292975 SAUBARA                                                                                             ";"7";"5";"11";"23"
"292980 SAUDE                                                                                               ";"0";"6";"5";"11"
"292990 SEABRA                                                                                              ";"14";"19";"24";"57"
"293000 SEBASTIAO LARANJEIRAS                                                                               ";"4";"10";"4";"18"
"293010 SENHOR DO BONFIM                                                                                    ";"37";"46";"33";"116"
"293015 SERRA DO RAMALHO                                                                                    ";"18";"4";"3";"25"
"293020 SENTO SE                                                                                            ";"5";"7";"9";"21"
"293030 SERRA DOURADA                                                                                       ";"5";"4";"6";"15"
"293040 SERRA PRETA                                                                                         ";"8";"11";"11";"30"
"293050 SERRINHA                                                                                            ";"16";"26";"35";"77"
"293060 SERROLANDIA                                                                                         ";"4";"3";"4";"11"
"293070 SIMOES FILHO                                                                                        ";"46";"64";"70";"180"
"293075 SITIO DO MATO                                                                                       ";"0";"1";"2";"3"
"293076 SITIO DO QUINTO                                                                                     ";"2";"2";"5";"9"
"293077 SOBRADINHO                                                                                          ";"9";"16";"10";"35"
"293080 SOUTO SOARES                                                                                        ";"7";"4";"10";"21"
"293090 TABOCAS DO BREJO VELHO                                                                              ";"4";"1";"1";"6"
"293100 TANHACU                                                                                             ";"14";"14";"15";"43"
"293105 TANQUE NOVO                                                                                         ";"5";"4";"6";"15"
"293110 TANQUINHO                                                                                           ";"6";"13";"6";"25"
"293120 TAPEROA                                                                                             ";"5";"3";"9";"17"
"293130 TAPIRAMUTA                                                                                          ";"2";"3";"3";"8"
"293135 TEIXEIRA DE FREITAS                                                                                 ";"109";"129";"124";"362"
"293140 TEODORO SAMPAIO                                                                                     ";"5";"4";"1";"10"
"293150 TEOFILANDIA                                                                                         ";"9";"9";"8";"26"
"293160 TEOLANDIA                                                                                           ";"5";"6";"5";"16"
"293170 TERRA NOVA                                                                                          ";"4";"3";"10";"17"
"293180 TREMEDAL                                                                                            ";"14";"12";"11";"37"
"293190 TUCANO                                                                                              ";"14";"10";"37";"61"
"293200 UAUA                                                                                                ";"17";"8";"15";"40"
"293210 UBAIRA                                                                                              ";"3";"12";"7";"22"
"293220 UBAITABA                                                                                            ";"10";"19";"18";"47"
"293230 UBATA                                                                                               ";"15";"8";"7";"30"
"293240 UIBAI                                                                                               ";"1";"3";"12";"16"
"293245 UMBURANAS                                                                                           ";"2";"4";"2";"8"
"293250 UNA                                                                                                 ";"17";"20";"10";"47"
"293260 URANDI                                                                                              ";"9";"4";"13";"26"
"293270 URUCUCA                                                                                             ";"22";"19";"18";"59"
"293280 UTINGA                                                                                              ";"3";"1";"4";"8"
"293290 VALENCA                                                                                             ";"37";"33";"38";"108"
"293300 VALENTE                                                                                             ";"5";"6";"7";"18"
"293305 VARZEA DA ROCA                                                                                      ";"7";"4";"6";"17"
"293310 VARZEA DO POCO                                                                                      ";"1";"7";"9";"17"
"293315 VARZEA NOVA                                                                                         ";"6";"7";"4";"17"
"293317 VARZEDO                                                                                             ";"5";"3";"6";"14"
"293320 VERA CRUZ                                                                                           ";"20";"17";"17";"54"
"293325 VEREDA                                                                                              ";"1";"3";"2";"6"
"293330 VITORIA DA CONQUISTA                                                                                ";"372";"339";"494";"1205"
"293340 WAGNER                                                                                              ";"4";"2";"5";"11"
"293345 WANDERLEY                                                                                           ";"2";"0";"3";"5"
"293350 WENCESLAU GUIMARAES                                                                                 ";"7";"6";"9";"22"
"293360 XIQUE-XIQUE                                                                                         ";"18";"16";"19";"53"
"310010 ABADIA DOS DOURADOS                                                                                 ";"8";"9";"8";"25"
"310020 ABAETE                                                                                              ";"14";"23";"29";"66"
"310030 ABRE CAMPO                                                                                          ";"5";"15";"10";"30"
"310040 ACAIACA                                                                                             ";"5";"2";"6";"13"
"310050 ACUCENA                                                                                             ";"8";"1";"4";"13"
"310060 AGUA BOA                                                                                            ";"11";"8";"13";"32"
"310070 AGUA COMPRIDA                                                                                       ";"2";"2";"2";"6"
"310080 AGUANIL                                                                                             ";"4";"1";"2";"7"
"310090 AGUAS FORMOSAS                                                                                      ";"14";"12";"17";"43"
"310100 AGUAS VERMELHAS                                                                                     ";"7";"4";"10";"21"
"310110 AIMORES                                                                                             ";"14";"7";"17";"38"
"310120 AIURUOCA                                                                                            ";"12";"12";"7";"31"
"310130 ALAGOA                                                                                              ";"6";"1";"1";"8"
"310140 ALBERTINA                                                                                           ";"0";"1";"3";"4"
"310150 ALEM PARAIBA                                                                                        ";"51";"44";"45";"140"
"310160 ALFENAS                                                                                             ";"154";"151";"161";"466"
"310163 ALFREDO VASCONCELOS                                                                                 ";"7";"6";"6";"19"
"310170 ALMENARA                                                                                            ";"18";"17";"23";"58"
"310180 ALPERCATA                                                                                           ";"7";"6";"11";"24"
"310190 ALPINOPOLIS                                                                                         ";"32";"22";"34";"88"
"310200 ALTEROSA                                                                                            ";"13";"19";"15";"47"
"310205 ALTO CAPARAO                                                                                        ";"7";"8";"11";"26"
"310210 ALTO RIO DOCE                                                                                       ";"20";"6";"13";"39"
"310220 ALVARENGA                                                                                           ";"6";"6";"6";"18"
"310230 ALVINOPOLIS                                                                                         ";"10";"22";"11";"43"
"310240 ALVORADA DE MINAS                                                                                   ";"0";"1";"1";"2"
"310250 AMPARO DO SERRA                                                                                     ";"9";"12";"5";"26"
"310260 ANDRADAS                                                                                            ";"69";"42";"50";"161"
"310270 CACHOEIRA DE PAJEU                                                                                  ";"9";"4";"9";"22"
"310280 ANDRELANDIA                                                                                         ";"16";"15";"14";"45"
"310285 ANGELANDIA                                                                                          ";"5";"9";"8";"22"
"310290 ANTONIO CARLOS                                                                                      ";"20";"14";"20";"54"
"310300 ANTONIO DIAS                                                                                        ";"8";"8";"11";"27"
"310310 ANTONIO PRADO DE MINAS                                                                              ";"3";"6";"2";"11"
"310320 ARACAI                                                                                              ";"1";"4";"1";"6"
"310330 ARACITABA                                                                                           ";"1";"4";"3";"8"
"310340 ARACUAI                                                                                             ";"25";"14";"15";"54"
"310350 ARAGUARI                                                                                            ";"86";"125";"109";"320"
"310360 ARANTINA                                                                                            ";"4";"4";"3";"11"
"310370 ARAPONGA                                                                                            ";"9";"3";"4";"16"
"310375 ARAPORA                                                                                             ";"5";"9";"13";"27"
"310380 ARAPUA                                                                                              ";"4";"4";"1";"9"
"310390 ARAUJOS                                                                                             ";"7";"11";"6";"24"
"310400 ARAXA                                                                                               ";"102";"100";"95";"297"
"310410 ARCEBURGO                                                                                           ";"7";"19";"19";"45"
"310420 ARCOS                                                                                               ";"37";"34";"49";"120"
"310430 AREADO                                                                                              ";"20";"19";"24";"63"
"310440 ARGIRITA                                                                                            ";"1";"5";"4";"10"
"310445 ARICANDUVA                                                                                          ";"8";"1";"5";"14"
"310450 ARINOS                                                                                              ";"6";"7";"8";"21"
"310460 ASTOLFO DUTRA                                                                                       ";"12";"11";"19";"42"
"310470 ATALEIA                                                                                             ";"13";"8";"10";"31"
"310480 AUGUSTO DE LIMA                                                                                     ";"4";"3";"3";"10"
"310490 BAEPENDI                                                                                            ";"22";"29";"37";"88"
"310500 BALDIM                                                                                              ";"3";"7";"2";"12"
"310510 BAMBUI                                                                                              ";"32";"21";"30";"83"
"310520 BANDEIRA                                                                                            ";"1";"8";"7";"16"
"310530 BANDEIRA DO SUL                                                                                     ";"6";"9";"8";"23"
"310540 BARAO DE COCAIS                                                                                     ";"25";"24";"22";"71"
"310550 BARAO DE MONTE ALTO                                                                                 ";"5";"9";"6";"20"
"310560 BARBACENA                                                                                           ";"183";"210";"208";"601"
"310570 BARRA LONGA                                                                                         ";"4";"8";"7";"19"
"310590 BARROSO                                                                                             ";"34";"22";"26";"82"
"310600 BELA VISTA DE MINAS                                                                                 ";"7";"6";"8";"21"
"310610 BELMIRO BRAGA                                                                                       ";"4";"5";"8";"17"
"310620 BELO HORIZONTE                                                                                      ";"2664";"2476";"2508";"7648"
"310630 BELO ORIENTE                                                                                        ";"20";"24";"22";"66"
"310640 BELO VALE                                                                                           ";"8";"8";"9";"25"
"310650 BERILO                                                                                              ";"9";"6";"11";"26"
"310660 BERTOPOLIS                                                                                          ";"4";"4";"7";"15"
"310665 BERIZAL                                                                                             ";"8";"5";"3";"16"
"310670 BETIM                                                                                               ";"279";"302";"307";"888"
"310680 BIAS FORTES                                                                                         ";"5";"3";"6";"14"
"310690 BICAS                                                                                               ";"18";"29";"10";"57"
"310700 BIQUINHAS                                                                                           ";"5";"2";"1";"8"
"310710 BOA ESPERANCA                                                                                       ";"28";"53";"57";"138"
"310720 BOCAINA DE MINAS                                                                                    ";"3";"1";"5";"9"
"310730 BOCAIUVA                                                                                            ";"65";"62";"33";"160"
"310740 BOM DESPACHO                                                                                        ";"47";"49";"41";"137"
"310750 BOM JARDIM DE MINAS                                                                                 ";"13";"11";"8";"32"
"310760 BOM JESUS DA PENHA                                                                                  ";"6";"9";"3";"18"
"310770 BOM JESUS DO AMPARO                                                                                 ";"3";"5";"7";"15"
"310780 BOM JESUS DO GALHO                                                                                  ";"10";"12";"15";"37"
"310790 BOM REPOUSO                                                                                         ";"12";"17";"15";"44"
"310800 BOM SUCESSO                                                                                         ";"16";"21";"12";"49"
"310810 BONFIM                                                                                              ";"4";"7";"3";"14"
"310820 BONFINOPOLIS DE MINAS                                                                               ";"3";"4";"5";"12"
"310825 BONITO DE MINAS                                                                                     ";"6";"7";"7";"20"
"310830 BORDA DA MATA                                                                                       ";"26";"19";"26";"71"
"310840 BOTELHOS                                                                                            ";"13";"24";"13";"50"
"310850 BOTUMIRIM                                                                                           ";"5";"3";"0";"8"
"310855 BRASILANDIA DE MINAS                                                                                ";"7";"14";"19";"40"
"310860 BRASILIA DE MINAS                                                                                   ";"43";"40";"39";"122"
"310870 BRAS PIRES                                                                                          ";"5";"1";"5";"11"
"310880 BRAUNAS                                                                                             ";"8";"4";"6";"18"
"310890 BRAZOPOLIS                                                                                          ";"14";"14";"12";"40"
"310900 BRUMADINHO                                                                                          ";"35";"39";"24";"98"
"310910 BUENO BRANDAO                                                                                       ";"9";"13";"18";"40"
"310920 BUENOPOLIS                                                                                          ";"10";"9";"7";"26"
"310925 BUGRE                                                                                               ";"6";"4";"8";"18"
"310930 BURITIS                                                                                             ";"19";"37";"15";"71"
"310940 BURITIZEIRO                                                                                         ";"26";"28";"15";"69"
"310945 CABECEIRA GRANDE                                                                                    ";"3";"2";"1";"6"
"310950 CABO VERDE                                                                                          ";"14";"13";"18";"45"
"310960 CACHOEIRA DA PRATA                                                                                  ";"2";"8";"7";"17"
"310970 CACHOEIRA DE MINAS                                                                                  ";"19";"12";"7";"38"
"310980 CACHOEIRA DOURADA                                                                                   ";"2";"2";"8";"12"
"310990 CAETANOPOLIS                                                                                        ";"10";"6";"17";"33"
"311000 CAETE                                                                                               ";"32";"39";"21";"92"
"311010 CAIANA                                                                                              ";"6";"9";"5";"20"
"311020 CAJURI                                                                                              ";"1";"5";"4";"10"
"311030 CALDAS                                                                                              ";"15";"17";"17";"49"
"311040 CAMACHO                                                                                             ";"5";"5";"0";"10"
"311050 CAMANDUCAIA                                                                                         ";"20";"34";"21";"75"
"311060 CAMBUI                                                                                              ";"30";"33";"22";"85"
"311070 CAMBUQUIRA                                                                                          ";"10";"14";"8";"32"
"311080 CAMPANARIO                                                                                          ";"3";"4";"1";"8"
"311090 CAMPANHA                                                                                            ";"18";"13";"18";"49"
"311100 CAMPESTRE                                                                                           ";"22";"25";"32";"79"
"311110 CAMPINA VERDE                                                                                       ";"23";"20";"27";"70"
"311115 CAMPO AZUL                                                                                          ";"2";"1";"6";"9"
"311120 CAMPO BELO                                                                                          ";"53";"54";"64";"171"
"311130 CAMPO DO MEIO                                                                                       ";"16";"16";"12";"44"
"311140 CAMPO FLORIDO                                                                                       ";"6";"8";"12";"26"
"311150 CAMPOS ALTOS                                                                                        ";"10";"8";"6";"24"
"311160 CAMPOS GERAIS                                                                                       ";"41";"34";"27";"102"
"311170 CANAA                                                                                               ";"6";"4";"5";"15"
"311180 CANAPOLIS                                                                                           ";"13";"13";"12";"38"
"311190 CANA VERDE                                                                                          ";"8";"8";"3";"19"
"311200 CANDEIAS                                                                                            ";"14";"26";"27";"67"
"311205 CANTAGALO                                                                                           ";"2";"2";"2";"6"
"311210 CAPARAO                                                                                             ";"4";"3";"10";"17"
"311220 CAPELA NOVA                                                                                         ";"10";"11";"4";"25"
"311230 CAPELINHA                                                                                           ";"32";"19";"16";"67"
"311240 CAPETINGA                                                                                           ";"3";"9";"6";"18"
"311250 CAPIM BRANCO                                                                                        ";"14";"5";"11";"30"
"311260 CAPINOPOLIS                                                                                         ";"15";"20";"21";"56"
"311265 CAPITAO ANDRADE                                                                                     ";"5";"3";"4";"12"
"311270 CAPITAO ENEAS                                                                                       ";"16";"17";"12";"45"
"311280 CAPITOLIO                                                                                           ";"24";"12";"14";"50"
"311290 CAPUTIRA                                                                                            ";"10";"6";"8";"24"
"311300 CARAI                                                                                               ";"4";"7";"13";"24"
"311310 CARANAIBA                                                                                           ";"3";"4";"1";"8"
"311320 CARANDAI                                                                                            ";"17";"18";"31";"66"
"311330 CARANGOLA                                                                                           ";"36";"37";"40";"113"
"311340 CARATINGA                                                                                           ";"83";"92";"50";"225"
"311350 CARBONITA                                                                                           ";"5";"1";"0";"6"
"311360 CAREACU                                                                                             ";"7";"10";"6";"23"
"311370 CARLOS CHAGAS                                                                                       ";"18";"16";"10";"44"
"311380 CARMESIA                                                                                            ";"0";"1";"1";"2"
"311390 CARMO DA CACHOEIRA                                                                                  ";"12";"7";"6";"25"
"311400 CARMO DA MATA                                                                                       ";"16";"16";"16";"48"
"311410 CARMO DE MINAS                                                                                      ";"8";"12";"14";"34"
"311420 CARMO DO CAJURU                                                                                     ";"25";"27";"19";"71"
"311430 CARMO DO PARANAIBA                                                                                  ";"38";"45";"23";"106"
"311440 CARMO DO RIO CLARO                                                                                  ";"37";"22";"25";"84"
"311450 CARMOPOLIS DE MINAS                                                                                 ";"24";"10";"14";"48"
"311455 CARNEIRINHO                                                                                         ";"6";"12";"15";"33"
"311460 CARRANCAS                                                                                           ";"7";"5";"4";"16"
"311470 CARVALHOPOLIS                                                                                       ";"4";"7";"8";"19"
"311480 CARVALHOS                                                                                           ";"5";"9";"6";"20"
"311490 CASA GRANDE                                                                                         ";"8";"3";"3";"14"
"311500 CASCALHO RICO                                                                                       ";"6";"5";"5";"16"
"311510 CASSIA                                                                                              ";"32";"32";"18";"82"
"311520 CONCEICAO DA BARRA DE MINAS                                                                         ";"6";"5";"4";"15"
"311530 CATAGUASES                                                                                          ";"103";"81";"80";"264"
"311535 CATAS ALTAS                                                                                         ";"3";"1";"4";"8"
"311540 CATAS ALTAS DA NORUEGA                                                                              ";"1";"4";"1";"6"
"311545 CATUJI                                                                                              ";"4";"6";"5";"15"
"311547 CATUTI                                                                                              ";"6";"1";"6";"13"
"311550 CAXAMBU                                                                                             ";"27";"26";"27";"80"
"311560 CEDRO DO ABAETE                                                                                     ";"4";"3";"0";"7"
"311570 CENTRAL DE MINAS                                                                                    ";"3";"6";"5";"14"
"311580 CENTRALINA                                                                                          ";"10";"9";"9";"28"
"311590 CHACARA                                                                                             ";"9";"5";"7";"21"
"311600 CHALE                                                                                               ";"7";"3";"7";"17"
"311610 CHAPADA DO NORTE                                                                                    ";"5";"3";"5";"13"
"311615 CHAPADA GAUCHA                                                                                      ";"10";"3";"5";"18"
"311620 CHIADOR                                                                                             ";"7";"5";"8";"20"
"311630 CIPOTANEA                                                                                           ";"6";"3";"8";"17"
"311640 CLARAVAL                                                                                            ";"2";"1";"0";"3"
"311650 CLARO DOS POCOES                                                                                    ";"7";"15";"7";"29"
"311660 CLAUDIO                                                                                             ";"27";"15";"32";"74"
"311670 COIMBRA                                                                                             ";"16";"4";"9";"29"
"311680 COLUNA                                                                                              ";"5";"4";"5";"14"
"311690 COMENDADOR GOMES                                                                                    ";"2";"1";"2";"5"
"311700 COMERCINHO                                                                                          ";"5";"3";"2";"10"
"311710 CONCEICAO DA APARECIDA                                                                              ";"21";"23";"21";"65"
"311720 CONCEICAO DAS PEDRAS                                                                                ";"4";"6";"0";"10"
"311730 CONCEICAO DAS ALAGOAS                                                                               ";"22";"20";"18";"60"
"311740 CONCEICAO DE IPANEMA                                                                                ";"1";"5";"1";"7"
"311750 CONCEICAO DO MATO DENTRO                                                                            ";"10";"12";"11";"33"
"311760 CONCEICAO DO PARA                                                                                   ";"9";"4";"3";"16"
"311770 CONCEICAO DO RIO VERDE                                                                              ";"24";"17";"16";"57"
"311780 CONCEICAO DOS OUROS                                                                                 ";"11";"5";"7";"23"
"311783 CONEGO MARINHO                                                                                      ";"6";"6";"4";"16"
"311787 CONFINS                                                                                             ";"5";"5";"2";"12"
"311790 CONGONHAL                                                                                           ";"9";"20";"11";"40"
"311800 CONGONHAS                                                                                           ";"36";"29";"46";"111"
"311810 CONGONHAS DO NORTE                                                                                  ";"3";"2";"7";"12"
"311820 CONQUISTA                                                                                           ";"6";"5";"7";"18"
"311830 CONSELHEIRO LAFAIETE                                                                                ";"89";"92";"105";"286"
"311840 CONSELHEIRO PENA                                                                                    ";"12";"21";"14";"47"
"311850 CONSOLACAO                                                                                          ";"3";"3";"0";"6"
"311860 CONTAGEM                                                                                            ";"402";"409";"408";"1219"
"311870 COQUEIRAL                                                                                           ";"14";"9";"4";"27"
"311880 CORACAO DE JESUS                                                                                    ";"19";"30";"33";"82"
"311890 CORDISBURGO                                                                                         ";"4";"5";"10";"19"
"311900 CORDISLANDIA                                                                                        ";"4";"1";"6";"11"
"311910 CORINTO                                                                                             ";"21";"20";"28";"69"
"311920 COROACI                                                                                             ";"9";"8";"5";"22"
"311930 COROMANDEL                                                                                          ";"35";"22";"34";"91"
"311940 CORONEL FABRICIANO                                                                                  ";"97";"97";"116";"310"
"311950 CORONEL MURTA                                                                                       ";"5";"9";"6";"20"
"311960 CORONEL PACHECO                                                                                     ";"8";"4";"3";"15"
"311970 CORONEL XAVIER CHAVES                                                                               ";"5";"3";"2";"10"
"311980 CORREGO DANTA                                                                                       ";"6";"4";"2";"12"
"311990 CORREGO DO BOM JESUS                                                                                ";"3";"10";"8";"21"
"311995 CORREGO FUNDO                                                                                       ";"8";"7";"4";"19"
"312000 CORREGO NOVO                                                                                        ";"3";"3";"2";"8"
"312010 COUTO DE MAGALHAES DE MINAS                                                                         ";"2";"1";"4";"7"
"312015 CRISOLITA                                                                                           ";"1";"4";"3";"8"
"312020 CRISTAIS                                                                                            ";"23";"8";"8";"39"
"312030 CRISTALIA                                                                                           ";"4";"8";"7";"19"
"312040 CRISTIANO OTONI                                                                                     ";"3";"7";"1";"11"
"312050 CRISTINA                                                                                            ";"7";"6";"11";"24"
"312060 CRUCILANDIA                                                                                         ";"11";"6";"7";"24"
"312070 CRUZEIRO DA FORTALEZA                                                                               ";"4";"4";"1";"9"
"312080 CRUZILIA                                                                                            ";"23";"17";"29";"69"
"312083 CUPARAQUE                                                                                           ";"3";"2";"5";"10"
"312087 CURRAL DE DENTRO                                                                                    ";"8";"9";"8";"25"
"312090 CURVELO                                                                                             ";"61";"85";"82";"228"
"312100 DATAS                                                                                               ";"2";"5";"1";"8"
"312110 DELFIM MOREIRA                                                                                      ";"7";"13";"11";"31"
"312120 DELFINOPOLIS                                                                                        ";"5";"7";"12";"24"
"312125 DELTA                                                                                               ";"11";"4";"9";"24"
"312130 DESCOBERTO                                                                                          ";"9";"6";"7";"22"
"312140 DESTERRO DE ENTRE RIOS                                                                              ";"8";"6";"4";"18"
"312150 DESTERRO DO MELO                                                                                    ";"5";"3";"5";"13"
"312160 DIAMANTINA                                                                                          ";"23";"24";"30";"77"
"312170 DIOGO DE VASCONCELOS                                                                                ";"3";"6";"4";"13"
"312180 DIONISIO                                                                                            ";"3";"8";"6";"17"
"312190 DIVINESIA                                                                                           ";"4";"11";"4";"19"
"312200 DIVINO                                                                                              ";"28";"24";"25";"77"
"312210 DIVINO DAS LARANJEIRAS                                                                              ";"4";"3";"1";"8"
"312220 DIVINOLANDIA DE MINAS                                                                               ";"12";"5";"6";"23"
"312230 DIVINOPOLIS                                                                                         ";"325";"279";"326";"930"
"312235 DIVISA ALEGRE                                                                                       ";"11";"5";"2";"18"
"312240 DIVISA NOVA                                                                                         ";"9";"7";"7";"23"
"312245 DIVISOPOLIS                                                                                         ";"2";"1";"1";"4"
"312247 DOM BOSCO                                                                                           ";"3";"2";"1";"6"
"312250 DOM CAVATI                                                                                          ";"4";"4";"2";"10"
"312260 DOM JOAQUIM                                                                                         ";"4";"0";"2";"6"
"312270 DOM SILVERIO                                                                                        ";"4";"6";"7";"17"
"312280 DOM VICOSO                                                                                          ";"4";"2";"7";"13"
"312290 DONA EUSEBIA                                                                                        ";"7";"4";"11";"22"
"312300 DORES DE CAMPOS                                                                                     ";"16";"7";"17";"40"
"312310 DORES DE GUANHAES                                                                                   ";"1";"5";"1";"7"
"312320 DORES DO INDAIA                                                                                     ";"21";"18";"15";"54"
"312330 DORES DO TURVO                                                                                      ";"5";"4";"4";"13"
"312340 DORESOPOLIS                                                                                         ";"4";"4";"5";"13"
"312350 DOURADOQUARA                                                                                        ";"2";"1";"4";"7"
"312352 DURANDE                                                                                             ";"6";"6";"6";"18"
"312360 ELOI MENDES                                                                                         ";"28";"36";"34";"98"
"312370 ENGENHEIRO CALDAS                                                                                   ";"8";"11";"12";"31"
"312380 ENGENHEIRO NAVARRO                                                                                  ";"3";"6";"11";"20"
"312385 ENTRE FOLHAS                                                                                        ";"5";"5";"8";"18"
"312390 ENTRE RIOS DE MINAS                                                                                 ";"18";"17";"13";"48"
"312400 ERVALIA                                                                                             ";"34";"15";"14";"63"
"312410 ESMERALDAS                                                                                          ";"37";"44";"33";"114"
"312420 ESPERA FELIZ                                                                                        ";"25";"32";"24";"81"
"312430 ESPINOSA                                                                                            ";"32";"25";"39";"96"
"312440 ESPIRITO SANTO DO DOURADO                                                                           ";"5";"2";"8";"15"
"312450 ESTIVA                                                                                              ";"12";"16";"12";"40"
"312460 ESTRELA DALVA                                                                                       ";"4";"3";"3";"10"
"312470 ESTRELA DO INDAIA                                                                                   ";"0";"2";"4";"6"
"312480 ESTRELA DO SUL                                                                                      ";"4";"9";"7";"20"
"312490 EUGENOPOLIS                                                                                         ";"12";"14";"16";"42"
"312500 EWBANK DA CAMARA                                                                                    ";"12";"8";"5";"25"
"312510 EXTREMA                                                                                             ";"27";"25";"28";"80"
"312520 FAMA                                                                                                ";"4";"2";"3";"9"
"312530 FARIA LEMOS                                                                                         ";"8";"8";"3";"19"
"312540 FELICIO DOS SANTOS                                                                                  ";"4";"3";"5";"12"
"312550 SAO GONCALO DO RIO PRETO                                                                            ";"2";"4";"4";"10"
"312560 FELISBURGO                                                                                          ";"7";"4";"3";"14"
"312570 FELIXLANDIA                                                                                         ";"6";"15";"12";"33"
"312580 FERNANDES TOURINHO                                                                                  ";"3";"4";"5";"12"
"312590 FERROS                                                                                              ";"5";"6";"6";"17"
"312595 FERVEDOURO                                                                                          ";"6";"4";"13";"23"
"312600 FLORESTAL                                                                                           ";"5";"1";"2";"8"
"312610 FORMIGA                                                                                             ";"62";"74";"77";"213"
"312620 FORMOSO                                                                                             ";"1";"5";"2";"8"
"312630 FORTALEZA DE MINAS                                                                                  ";"7";"6";"5";"18"
"312640 FORTUNA DE MINAS                                                                                    ";"1";"2";"5";"8"
"312650 FRANCISCO BADARO                                                                                    ";"6";"6";"7";"19"
"312660 FRANCISCO DUMONT                                                                                    ";"14";"2";"3";"19"
"312670 FRANCISCO SA                                                                                        ";"20";"40";"32";"92"
"312675 FRANCISCOPOLIS                                                                                      ";"5";"3";"2";"10"
"312680 FREI GASPAR                                                                                         ";"4";"5";"8";"17"
"312690 FREI INOCENCIO                                                                                      ";"6";"5";"8";"19"
"312695 FREI LAGONEGRO                                                                                      ";"0";"4";"3";"7"
"312700 FRONTEIRA                                                                                           ";"12";"7";"7";"26"
"312705 FRONTEIRA DOS VALES                                                                                 ";"2";"3";"3";"8"
"312707 FRUTA DE LEITE                                                                                      ";"9";"6";"6";"21"
"312710 FRUTAL                                                                                              ";"45";"58";"51";"154"
"312720 FUNILANDIA                                                                                          ";"4";"1";"1";"6"
"312730 GALILEIA                                                                                            ";"10";"4";"3";"17"
"312733 GAMELEIRAS                                                                                          ";"11";"7";"3";"21"
"312735 GLAUCILANDIA                                                                                        ";"5";"3";"2";"10"
"312737 GOIABEIRA                                                                                           ";"4";"1";"6";"11"
"312738 GOIANA                                                                                              ";"4";"7";"3";"14"
"312740 GONCALVES                                                                                           ";"3";"4";"1";"8"
"312750 GONZAGA                                                                                             ";"1";"4";"9";"14"
"312760 GOUVEIA                                                                                             ";"9";"7";"6";"22"
"312770 GOVERNADOR VALADARES                                                                                ";"306";"288";"273";"867"
"312780 GRAO MOGOL                                                                                          ";"21";"11";"14";"46"
"312790 GRUPIARA                                                                                            ";"3";"3";"2";"8"
"312800 GUANHAES                                                                                            ";"23";"13";"17";"53"
"312810 GUAPE                                                                                               ";"28";"19";"25";"72"
"312820 GUARACIABA                                                                                          ";"6";"15";"8";"29"
"312825 GUARACIAMA                                                                                          ";"9";"6";"5";"20"
"312830 GUARANESIA                                                                                          ";"34";"39";"20";"93"
"312840 GUARANI                                                                                             ";"11";"14";"10";"35"
"312850 GUARARA                                                                                             ";"8";"6";"7";"21"
"312860 GUARDA-MOR                                                                                          ";"7";"5";"3";"15"
"312870 GUAXUPE                                                                                             ";"65";"68";"72";"205"
"312880 GUIDOVAL                                                                                            ";"7";"8";"9";"24"
"312890 GUIMARANIA                                                                                          ";"5";"13";"5";"23"
"312900 GUIRICEMA                                                                                           ";"14";"12";"10";"36"
"312910 GURINHATA                                                                                           ";"9";"8";"6";"23"
"312920 HELIODORA                                                                                           ";"13";"10";"10";"33"
"312930 IAPU                                                                                                ";"16";"17";"8";"41"
"312940 IBERTIOGA                                                                                           ";"8";"15";"7";"30"
"312950 IBIA                                                                                                ";"21";"19";"20";"60"
"312960 IBIAI                                                                                               ";"5";"9";"12";"26"
"312965 IBIRACATU                                                                                           ";"9";"8";"6";"23"
"312970 IBIRACI                                                                                             ";"7";"13";"12";"32"
"312980 IBIRITE                                                                                             ";"65";"89";"69";"223"
"312990 IBITIURA DE MINAS                                                                                   ";"2";"3";"7";"12"
"313000 IBITURUNA                                                                                           ";"4";"2";"6";"12"
"313005 ICARAI DE MINAS                                                                                     ";"11";"10";"5";"26"
"313010 IGARAPE                                                                                             ";"25";"24";"26";"75"
"313020 IGARATINGA                                                                                          ";"7";"5";"8";"20"
"313030 IGUATAMA                                                                                            ";"4";"6";"4";"14"
"313040 IJACI                                                                                               ";"6";"4";"5";"15"
"313050 ILICINEA                                                                                            ";"13";"10";"5";"28"
"313055 IMBE DE MINAS                                                                                       ";"3";"8";"4";"15"
"313060 INCONFIDENTES                                                                                       ";"12";"6";"13";"31"
"313065 INDAIABIRA                                                                                          ";"5";"8";"10";"23"
"313070 INDIANOPOLIS                                                                                        ";"7";"2";"4";"13"
"313080 INGAI                                                                                               ";"2";"5";"5";"12"
"313090 INHAPIM                                                                                             ";"17";"20";"20";"57"
"313100 INHAUMA                                                                                             ";"6";"3";"4";"13"
"313110 INIMUTABA                                                                                           ";"8";"6";"9";"23"
"313115 IPABA                                                                                               ";"19";"11";"17";"47"
"313120 IPANEMA                                                                                             ";"13";"23";"11";"47"
"313130 IPATINGA                                                                                            ";"309";"289";"256";"854"
"313140 IPIACU                                                                                              ";"4";"4";"8";"16"
"313150 IPUIUNA                                                                                             ";"15";"13";"11";"39"
"313160 IRAI DE MINAS                                                                                       ";"2";"4";"6";"12"
"313170 ITABIRA                                                                                             ";"81";"78";"85";"244"
"313180 ITABIRINHA                                                                                          ";"9";"11";"5";"25"
"313190 ITABIRITO                                                                                           ";"38";"32";"40";"110"
"313200 ITACAMBIRA                                                                                          ";"1";"9";"2";"12"
"313210 ITACARAMBI                                                                                          ";"16";"20";"25";"61"
"313220 ITAGUARA                                                                                            ";"10";"12";"14";"36"
"313230 ITAIPE                                                                                              ";"7";"10";"9";"26"
"313240 ITAJUBA                                                                                             ";"89";"90";"77";"256"
"313250 ITAMARANDIBA                                                                                        ";"22";"32";"24";"78"
"313260 ITAMARATI DE MINAS                                                                                  ";"10";"7";"16";"33"
"313270 ITAMBACURI                                                                                          ";"18";"4";"16";"38"
"313280 ITAMBE DO MATO DENTRO                                                                               ";"1";"4";"1";"6"
"313290 ITAMOGI                                                                                             ";"21";"10";"15";"46"
"313300 ITAMONTE                                                                                            ";"18";"21";"16";"55"
"313310 ITANHANDU                                                                                           ";"19";"18";"15";"52"
"313320 ITANHOMI                                                                                            ";"9";"12";"12";"33"
"313330 ITAOBIM                                                                                             ";"9";"15";"16";"40"
"313340 ITAPAGIPE                                                                                           ";"13";"12";"11";"36"
"313350 ITAPECERICA                                                                                         ";"27";"23";"32";"82"
"313360 ITAPEVA                                                                                             ";"10";"12";"7";"29"
"313370 ITATIAIUCU                                                                                          ";"8";"9";"8";"25"
"313375 ITAU DE MINAS                                                                                       ";"21";"27";"22";"70"
"313380 ITAUNA                                                                                              ";"76";"100";"97";"273"
"313390 ITAVERAVA                                                                                           ";"5";"5";"4";"14"
"313400 ITINGA                                                                                              ";"7";"12";"10";"29"
"313410 ITUETA                                                                                              ";"2";"7";"5";"14"
"313420 ITUIUTABA                                                                                           ";"135";"111";"138";"384"
"313430 ITUMIRIM                                                                                            ";"5";"14";"6";"25"
"313440 ITURAMA                                                                                             ";"42";"30";"36";"108"
"313450 ITUTINGA                                                                                            ";"7";"5";"1";"13"
"313460 JABOTICATUBAS                                                                                       ";"7";"13";"16";"36"
"313470 JACINTO                                                                                             ";"6";"3";"3";"12"
"313480 JACUI                                                                                               ";"14";"13";"16";"43"
"313490 JACUTINGA                                                                                           ";"19";"27";"25";"71"
"313500 JAGUARACU                                                                                           ";"2";"3";"2";"7"
"313505 JAIBA                                                                                               ";"24";"22";"20";"66"
"313507 JAMPRUCA                                                                                            ";"4";"5";"6";"15"
"313510 JANAUBA                                                                                             ";"78";"71";"67";"216"
"313520 JANUARIA                                                                                            ";"51";"68";"65";"184"
"313530 JAPARAIBA                                                                                           ";"2";"2";"7";"11"
"313535 JAPONVAR                                                                                            ";"10";"4";"13";"27"
"313540 JECEABA                                                                                             ";"5";"4";"1";"10"
"313545 JENIPAPO DE MINAS                                                                                   ";"5";"2";"5";"12"
"313550 JEQUERI                                                                                             ";"7";"15";"17";"39"
"313560 JEQUITAI                                                                                            ";"16";"16";"7";"39"
"313570 JEQUITIBA                                                                                           ";"4";"6";"2";"12"
"313580 JEQUITINHONHA                                                                                       ";"15";"13";"16";"44"
"313590 JESUANIA                                                                                            ";"7";"12";"6";"25"
"313600 JOAIMA                                                                                              ";"9";"4";"2";"15"
"313610 JOANESIA                                                                                            ";"1";"2";"9";"12"
"313620 JOAO MONLEVADE                                                                                      ";"63";"59";"60";"182"
"313630 JOAO PINHEIRO                                                                                       ";"58";"61";"28";"147"
"313640 JOAQUIM FELICIO                                                                                     ";"7";"7";"12";"26"
"313650 JORDANIA                                                                                            ";"2";"3";"3";"8"
"313652 JOSE GONCALVES DE MINAS                                                                             ";"4";"3";"3";"10"
"313655 JOSE RAYDAN                                                                                         ";"6";"2";"2";"10"
"313657 JOSENOPOLIS                                                                                         ";"3";"4";"1";"8"
"313660 NOVA UNIAO                                                                                          ";"11";"2";"7";"20"
"313665 JUATUBA                                                                                             ";"23";"18";"20";"61"
"313670 JUIZ DE FORA                                                                                        ";"781";"716";"727";"2224"
"313680 JURAMENTO                                                                                           ";"5";"6";"5";"16"
"313690 JURUAIA                                                                                             ";"9";"11";"5";"25"
"313695 JUVENILIA                                                                                           ";"8";"7";"6";"21"
"313700 LADAINHA                                                                                            ";"6";"13";"9";"28"
"313710 LAGAMAR                                                                                             ";"10";"11";"9";"30"
"313720 LAGOA DA PRATA                                                                                      ";"48";"42";"46";"136"
"313730 LAGOA DOS PATOS                                                                                     ";"3";"6";"6";"15"
"313740 LAGOA DOURADA                                                                                       ";"3";"8";"11";"22"
"313750 LAGOA FORMOSA                                                                                       ";"22";"18";"28";"68"
"313753 LAGOA GRANDE                                                                                        ";"7";"12";"5";"24"
"313760 LAGOA SANTA                                                                                         ";"38";"30";"34";"102"
"313770 LAJINHA                                                                                             ";"14";"17";"20";"51"
"313780 LAMBARI                                                                                             ";"21";"27";"25";"73"
"313790 LAMIM                                                                                               ";"1";"4";"4";"9"
"313800 LARANJAL                                                                                            ";"9";"14";"3";"26"
"313810 LASSANCE                                                                                            ";"3";"7";"4";"14"
"313820 LAVRAS                                                                                              ";"114";"137";"98";"349"
"313830 LEANDRO FERREIRA                                                                                    ";"4";"2";"0";"6"
"313835 LEME DO PRADO                                                                                       ";"4";"4";"5";"13"
"313840 LEOPOLDINA                                                                                          ";"48";"59";"62";"169"
"313850 LIBERDADE                                                                                           ";"3";"7";"6";"16"
"313860 LIMA DUARTE                                                                                         ";"32";"27";"23";"82"
"313862 LIMEIRA DO OESTE                                                                                    ";"6";"5";"5";"16"
"313865 LONTRA                                                                                              ";"11";"20";"8";"39"
"313867 LUISBURGO                                                                                           ";"7";"2";"1";"10"
"313868 LUISLANDIA                                                                                          ";"7";"6";"10";"23"
"313870 LUMINARIAS                                                                                          ";"2";"5";"6";"13"
"313880 LUZ                                                                                                 ";"28";"19";"13";"60"
"313890 MACHACALIS                                                                                          ";"8";"8";"3";"19"
"313900 MACHADO                                                                                             ";"49";"63";"45";"157"
"313910 MADRE DE DEUS DE MINAS                                                                              ";"1";"7";"8";"16"
"313920 MALACACHETA                                                                                         ";"8";"17";"15";"40"
"313925 MAMONAS                                                                                             ";"6";"7";"13";"26"
"313930 MANGA                                                                                               ";"19";"23";"26";"68"
"313940 MANHUACU                                                                                            ";"59";"58";"66";"183"
"313950 MANHUMIRIM                                                                                          ";"35";"28";"20";"83"
"313960 MANTENA                                                                                             ";"15";"23";"12";"50"
"313970 MARAVILHAS                                                                                          ";"3";"2";"6";"11"
"313980 MAR DE ESPANHA                                                                                      ";"18";"13";"21";"52"
"313990 MARIA DA FE                                                                                         ";"14";"17";"20";"51"
"314000 MARIANA                                                                                             ";"35";"43";"41";"119"
"314010 MARILAC                                                                                             ";"3";"4";"4";"11"
"314015 MARIO CAMPOS                                                                                        ";"6";"4";"6";"16"
"314020 MARIPA DE MINAS                                                                                     ";"6";"5";"6";"17"
"314030 MARLIERIA                                                                                           ";"4";"6";"9";"19"
"314040 MARMELOPOLIS                                                                                        ";"3";"5";"4";"12"
"314050 MARTINHO CAMPOS                                                                                     ";"12";"10";"11";"33"
"314053 MARTINS SOARES                                                                                      ";"9";"8";"8";"25"
"314055 MATA VERDE                                                                                          ";"8";"2";"3";"13"
"314060 MATERLANDIA                                                                                         ";"2";"3";"1";"6"
"314070 MATEUS LEME                                                                                         ";"23";"29";"28";"80"
"314080 MATIAS BARBOSA                                                                                      ";"25";"18";"22";"65"
"314085 MATIAS CARDOSO                                                                                      ";"19";"7";"8";"34"
"314090 MATIPO                                                                                              ";"7";"13";"13";"33"
"314100 MATO VERDE                                                                                          ";"13";"21";"14";"48"
"314110 MATOZINHOS                                                                                          ";"38";"25";"23";"86"
"314120 MATUTINA                                                                                            ";"2";"3";"4";"9"
"314130 MEDEIROS                                                                                            ";"3";"1";"2";"6"
"314140 MEDINA                                                                                              ";"13";"4";"8";"25"
"314150 MENDES PIMENTEL                                                                                     ";"3";"3";"4";"10"
"314160 MERCES                                                                                              ";"16";"17";"12";"45"
"314170 MESQUITA                                                                                            ";"4";"4";"8";"16"
"314180 MINAS NOVAS                                                                                         ";"16";"12";"12";"40"
"314190 MINDURI                                                                                             ";"10";"1";"5";"16"
"314200 MIRABELA                                                                                            ";"17";"13";"17";"47"
"314210 MIRADOURO                                                                                           ";"14";"10";"5";"29"
"314220 MIRAI                                                                                               ";"14";"23";"12";"49"
"314225 MIRAVANIA                                                                                           ";"3";"6";"4";"13"
"314230 MOEDA                                                                                               ";"3";"5";"4";"12"
"314240 MOEMA                                                                                               ";"7";"13";"4";"24"
"314250 MONJOLOS                                                                                            ";"3";"3";"2";"8"
"314260 MONSENHOR PAULO                                                                                     ";"9";"9";"6";"24"
"314270 MONTALVANIA                                                                                         ";"11";"31";"15";"57"
"314280 MONTE ALEGRE DE MINAS                                                                               ";"15";"27";"19";"61"
"314290 MONTE AZUL                                                                                          ";"24";"24";"24";"72"
"314300 MONTE BELO                                                                                          ";"18";"23";"16";"57"
"314310 MONTE CARMELO                                                                                       ";"48";"46";"45";"139"
"314315 MONTE FORMOSO                                                                                       ";"3";"1";"0";"4"
"314320 MONTE SANTO DE MINAS                                                                                ";"34";"31";"37";"102"
"314330 MONTES CLAROS                                                                                       ";"605";"555";"436";"1596"
"314340 MONTE SIAO                                                                                          ";"20";"18";"23";"61"
"314345 MONTEZUMA                                                                                           ";"6";"3";"5";"14"
"314350 MORADA NOVA DE MINAS                                                                                ";"3";"3";"4";"10"
"314360 MORRO DA GARCA                                                                                      ";"3";"2";"2";"7"
"314370 MORRO DO PILAR                                                                                      ";"2";"3";"1";"6"
"314380 MUNHOZ                                                                                              ";"1";"6";"7";"14"
"314390 MURIAE                                                                                              ";"202";"203";"176";"581"
"314400 MUTUM                                                                                               ";"26";"22";"29";"77"
"314410 MUZAMBINHO                                                                                          ";"34";"24";"27";"85"
"314420 NACIP RAYDAN                                                                                        ";"3";"1";"2";"6"
"314430 NANUQUE                                                                                             ";"9";"11";"23";"43"
"314435 NAQUE                                                                                               ";"4";"9";"2";"15"
"314437 NATALANDIA                                                                                          ";"0";"2";"3";"5"
"314440 NATERCIA                                                                                            ";"5";"6";"8";"19"
"314450 NAZARENO                                                                                            ";"10";"12";"7";"29"
"314460 NEPOMUCENO                                                                                          ";"36";"38";"31";"105"
"314465 NINHEIRA                                                                                            ";"12";"3";"11";"26"
"314467 NOVA BELEM                                                                                          ";"1";"1";"1";"3"
"314470 NOVA ERA                                                                                            ";"14";"9";"13";"36"
"314480 NOVA LIMA                                                                                           ";"53";"45";"56";"154"
"314490 NOVA MODICA                                                                                         ";"2";"2";"2";"6"
"314500 NOVA PONTE                                                                                          ";"8";"12";"13";"33"
"314505 NOVA PORTEIRINHA                                                                                    ";"9";"4";"9";"22"
"314510 NOVA RESENDE                                                                                        ";"28";"21";"18";"67"
"314520 NOVA SERRANA                                                                                        ";"44";"67";"60";"171"
"314530 NOVO CRUZEIRO                                                                                       ";"20";"17";"17";"54"
"314535 NOVO ORIENTE DE MINAS                                                                               ";"4";"10";"15";"29"
"314537 NOVORIZONTE                                                                                         ";"2";"2";"6";"10"
"314540 OLARIA                                                                                              ";"4";"1";"3";"8"
"314545 OLHOS-D\'AGUA                                                                                        ";"5";"5";"7";"17"
"314550 OLIMPIO NORONHA                                                                                     ";"5";"5";"4";"14"
"314560 OLIVEIRA                                                                                            ";"28";"44";"39";"111"
"314570 OLIVEIRA FORTES                                                                                     ";"7";"0";"3";"10"
"314580 ONCA DE PITANGUI                                                                                    ";"2";"2";"3";"7"
"314585 ORATORIOS                                                                                           ";"5";"8";"2";"15"
"314587 ORIZANIA                                                                                            ";"7";"6";"6";"19"
"314590 OURO BRANCO                                                                                         ";"24";"34";"23";"81"
"314600 OURO FINO                                                                                           ";"29";"28";"40";"97"
"314610 OURO PRETO                                                                                          ";"43";"60";"43";"146"
"314620 OURO VERDE DE MINAS                                                                                 ";"3";"7";"7";"17"
"314625 PADRE CARVALHO                                                                                      ";"7";"5";"4";"16"
"314630 PADRE PARAISO                                                                                       ";"13";"11";"11";"35"
"314640 PAINEIRAS                                                                                           ";"2";"2";"2";"6"
"314650 PAINS                                                                                               ";"6";"17";"18";"41"
"314655 PAI PEDRO                                                                                           ";"10";"1";"3";"14"
"314660 PAIVA                                                                                               ";"1";"2";"1";"4"
"314670 PALMA                                                                                               ";"9";"10";"14";"33"
"314675 PALMOPOLIS                                                                                          ";"2";"0";"4";"6"
"314690 PAPAGAIOS                                                                                           ";"7";"10";"14";"31"
"314700 PARACATU                                                                                            ";"75";"68";"77";"220"
"314710 PARA DE MINAS                                                                                       ";"75";"95";"81";"251"
"314720 PARAGUACU                                                                                           ";"32";"31";"28";"91"
"314730 PARAISOPOLIS                                                                                        ";"20";"19";"15";"54"
"314740 PARAOPEBA                                                                                           ";"23";"21";"16";"60"
"314750 PASSABEM                                                                                            ";"2";"4";"2";"8"
"314760 PASSA QUATRO                                                                                        ";"16";"14";"13";"43"
"314770 PASSA TEMPO                                                                                         ";"10";"9";"9";"28"
"314780 PASSA-VINTE                                                                                         ";"3";"1";"2";"6"
"314790 PASSOS                                                                                              ";"218";"209";"161";"588"
"314795 PATIS                                                                                               ";"3";"2";"4";"9"
"314800 PATOS DE MINAS                                                                                      ";"209";"222";"225";"656"
"314810 PATROCINIO                                                                                          ";"93";"142";"94";"329"
"314820 PATROCINIO DO MURIAE                                                                                ";"8";"11";"9";"28"
"314830 PAULA CANDIDO                                                                                       ";"16";"10";"11";"37"
"314840 PAULISTAS                                                                                           ";"0";"2";"1";"3"
"314850 PAVAO                                                                                               ";"4";"11";"10";"25"
"314860 PECANHA                                                                                             ";"8";"8";"8";"24"
"314870 PEDRA AZUL                                                                                          ";"9";"7";"16";"32"
"314875 PEDRA BONITA                                                                                        ";"5";"4";"3";"12"
"314880 PEDRA DO ANTA                                                                                       ";"5";"6";"8";"19"
"314890 PEDRA DO INDAIA                                                                                     ";"5";"1";"3";"9"
"314900 PEDRA DOURADA                                                                                       ";"4";"2";"2";"8"
"314910 PEDRALVA                                                                                            ";"17";"23";"10";"50"
"314915 PEDRAS DE MARIA DA CRUZ                                                                             ";"12";"10";"12";"34"
"314920 PEDRINOPOLIS                                                                                        ";"2";"7";"5";"14"
"314930 PEDRO LEOPOLDO                                                                                      ";"26";"47";"36";"109"
"314940 PEDRO TEIXEIRA                                                                                      ";"3";"0";"3";"6"
"314950 PEQUERI                                                                                             ";"5";"6";"1";"12"
"314960 PEQUI                                                                                               ";"3";"1";"6";"10"
"314970 PERDIGAO                                                                                            ";"7";"8";"12";"27"
"314980 PERDIZES                                                                                            ";"6";"9";"11";"26"
"314990 PERDOES                                                                                             ";"10";"20";"24";"54"
"314995 PERIQUITO                                                                                           ";"8";"3";"4";"15"
"315000 PESCADOR                                                                                            ";"8";"3";"4";"15"
"315010 PIAU                                                                                                ";"4";"4";"5";"13"
"315015 PIEDADE DE CARATINGA                                                                                ";"10";"15";"2";"27"
"315020 PIEDADE DE PONTE NOVA                                                                               ";"4";"6";"10";"20"
"315030 PIEDADE DO RIO GRANDE                                                                               ";"9";"5";"7";"21"
"315040 PIEDADE DOS GERAIS                                                                                  ";"9";"5";"3";"17"
"315050 PIMENTA                                                                                             ";"9";"15";"9";"33"
"315053 PINGO-D\'AGUA                                                                                        ";"5";"3";"1";"9"
"315057 PINTOPOLIS                                                                                          ";"7";"8";"9";"24"
"315060 PIRACEMA                                                                                            ";"8";"1";"12";"21"
"315070 PIRAJUBA                                                                                            ";"5";"1";"5";"11"
"315080 PIRANGA                                                                                             ";"11";"14";"7";"32"
"315090 PIRANGUCU                                                                                           ";"7";"6";"7";"20"
"315100 PIRANGUINHO                                                                                         ";"13";"9";"8";"30"
"315110 PIRAPETINGA                                                                                         ";"19";"20";"18";"57"
"315120 PIRAPORA                                                                                            ";"55";"79";"41";"175"
"315130 PIRAUBA                                                                                             ";"16";"16";"17";"49"
"315140 PITANGUI                                                                                            ";"32";"17";"18";"67"
"315150 PIUMHI                                                                                              ";"63";"62";"48";"173"
"315160 PLANURA                                                                                             ";"7";"12";"9";"28"
"315170 POCO FUNDO                                                                                          ";"24";"19";"15";"58"
"315180 POCOS DE CALDAS                                                                                     ";"274";"274";"256";"804"
"315190 POCRANE                                                                                             ";"7";"7";"4";"18"
"315200 POMPEU                                                                                              ";"22";"21";"19";"62"
"315210 PONTE NOVA                                                                                          ";"65";"76";"65";"206"
"315213 PONTO CHIQUE                                                                                        ";"7";"4";"6";"17"
"315217 PONTO DOS VOLANTES                                                                                  ";"5";"5";"10";"20"
"315220 PORTEIRINHA                                                                                         ";"53";"45";"48";"146"
"315230 PORTO FIRME                                                                                         ";"6";"11";"10";"27"
"315240 POTE                                                                                                ";"9";"13";"15";"37"
"315250 POUSO ALEGRE                                                                                        ";"169";"193";"207";"569"
"315260 POUSO ALTO                                                                                          ";"18";"12";"7";"37"
"315270 PRADOS                                                                                              ";"12";"8";"7";"27"
"315280 PRATA                                                                                               ";"31";"27";"39";"97"
"315290 PRATAPOLIS                                                                                          ";"24";"18";"16";"58"
"315300 PRATINHA                                                                                            ";"4";"8";"4";"16"
"315310 PRESIDENTE BERNARDES                                                                                ";"6";"4";"7";"17"
"315320 PRESIDENTE JUSCELINO                                                                                ";"2";"1";"5";"8"
"315330 PRESIDENTE KUBITSCHEK                                                                               ";"1";"3";"2";"6"
"315340 PRESIDENTE OLEGARIO                                                                                 ";"15";"16";"18";"49"
"315350 ALTO JEQUITIBA                                                                                      ";"13";"8";"9";"30"
"315360 PRUDENTE DE MORAIS                                                                                  ";"10";"6";"4";"20"
"315370 QUARTEL GERAL                                                                                       ";"1";"1";"1";"3"
"315380 QUELUZITO                                                                                           ";"0";"3";"0";"3"
"315390 RAPOSOS                                                                                             ";"11";"6";"10";"27"
"315400 RAUL SOARES                                                                                         ";"24";"21";"21";"66"
"315410 RECREIO                                                                                             ";"13";"9";"11";"33"
"315415 REDUTO                                                                                              ";"15";"8";"4";"27"
"315420 RESENDE COSTA                                                                                       ";"12";"11";"15";"38"
"315430 RESPLENDOR                                                                                          ";"19";"16";"19";"54"
"315440 RESSAQUINHA                                                                                         ";"2";"1";"6";"9"
"315445 RIACHINHO                                                                                           ";"4";"5";"11";"20"
"315450 RIACHO DOS MACHADOS                                                                                 ";"12";"8";"8";"28"
"315460 RIBEIRAO DAS NEVES                                                                                  ";"170";"171";"152";"493"
"315470 RIBEIRAO VERMELHO                                                                                   ";"5";"6";"6";"17"
"315480 RIO ACIMA                                                                                           ";"2";"11";"9";"22"
"315490 RIO CASCA                                                                                           ";"18";"15";"11";"44"
"315500 RIO DOCE                                                                                            ";"3";"5";"3";"11"
"315510 RIO DO PRADO                                                                                        ";"3";"4";"1";"8"
"315520 RIO ESPERA                                                                                          ";"4";"6";"5";"15"
"315530 RIO MANSO                                                                                           ";"4";"5";"5";"14"
"315540 RIO NOVO                                                                                            ";"10";"13";"16";"39"
"315550 RIO PARANAIBA                                                                                       ";"7";"16";"10";"33"
"315560 RIO PARDO DE MINAS                                                                                  ";"28";"27";"16";"71"
"315570 RIO PIRACICABA                                                                                      ";"11";"11";"12";"34"
"315580 RIO POMBA                                                                                           ";"22";"22";"19";"63"
"315590 RIO PRETO                                                                                           ";"6";"23";"8";"37"
"315600 RIO VERMELHO                                                                                        ";"7";"11";"8";"26"
"315610 RITAPOLIS                                                                                           ";"5";"4";"4";"13"
"315620 ROCHEDO DE MINAS                                                                                    ";"4";"2";"4";"10"
"315630 RODEIRO                                                                                             ";"9";"7";"13";"29"
"315640 ROMARIA                                                                                             ";"4";"3";"6";"13"
"315645 ROSARIO DA LIMEIRA                                                                                  ";"6";"4";"6";"16"
"315650 RUBELITA                                                                                            ";"7";"9";"2";"18"
"315660 RUBIM                                                                                               ";"5";"4";"5";"14"
"315670 SABARA                                                                                              ";"64";"82";"71";"217"
"315680 SABINOPOLIS                                                                                         ";"13";"15";"19";"47"
"315690 SACRAMENTO                                                                                          ";"29";"26";"27";"82"
"315700 SALINAS                                                                                             ";"49";"48";"41";"138"
"315710 SALTO DA DIVISA                                                                                     ";"6";"6";"2";"14"
"315720 SANTA BARBARA                                                                                       ";"25";"22";"28";"75"
"315725 SANTA BARBARA DO LESTE                                                                              ";"9";"7";"5";"21"
"315727 SANTA BARBARA DO MONTE VERDE                                                                        ";"5";"1";"3";"9"
"315730 SANTA BARBARA DO TUGURIO                                                                            ";"4";"4";"4";"12"
"315733 SANTA CRUZ DE MINAS                                                                                 ";"5";"5";"15";"25"
"315737 SANTA CRUZ DE SALINAS                                                                               ";"12";"3";"5";"20"
"315740 SANTA CRUZ DO ESCALVADO                                                                             ";"5";"1";"9";"15"
"315750 SANTA EFIGENIA DE MINAS                                                                             ";"4";"9";"3";"16"
"315760 SANTA FE DE MINAS                                                                                   ";"2";"2";"2";"6"
"315765 SANTA HELENA DE MINAS                                                                               ";"4";"5";"3";"12"
"315770 SANTA JULIANA                                                                                       ";"7";"7";"19";"33"
"315780 SANTA LUZIA                                                                                         ";"112";"103";"114";"329"
"315790 SANTA MARGARIDA                                                                                     ";"5";"16";"11";"32"
"315800 SANTA MARIA DE ITABIRA                                                                              ";"5";"4";"4";"13"
"315810 SANTA MARIA DO SALTO                                                                                ";"1";"1";"1";"3"
"315820 SANTA MARIA DO SUACUI                                                                               ";"8";"8";"8";"24"
"315830 SANTANA DA VARGEM                                                                                   ";"5";"7";"5";"17"
"315840 SANTANA DE CATAGUASES                                                                               ";"5";"8";"4";"17"
"315850 SANTANA DE PIRAPAMA                                                                                 ";"5";"2";"2";"9"
"315860 SANTANA DO DESERTO                                                                                  ";"9";"14";"4";"27"
"315870 SANTANA DO GARAMBEU                                                                                 ";"7";"2";"2";"11"
"315880 SANTANA DO JACARE                                                                                   ";"1";"1";"5";"7"
"315890 SANTANA DO MANHUACU                                                                                 ";"6";"4";"7";"17"
"315895 SANTANA DO PARAISO                                                                                  ";"24";"35";"31";"90"
"315900 SANTANA DO RIACHO                                                                                   ";"4";"4";"3";"11"
"315910 SANTANA DOS MONTES                                                                                  ";"4";"2";"1";"7"
"315920 SANTA RITA DE CALDAS                                                                                ";"14";"19";"9";"42"
"315930 SANTA RITA DE JACUTINGA                                                                             ";"4";"7";"6";"17"
"315935 SANTA RITA DE MINAS                                                                                 ";"5";"7";"6";"18"
"315940 SANTA RITA DE IBITIPOCA                                                                             ";"6";"5";"6";"17"
"315950 SANTA RITA DO ITUETO                                                                                ";"5";"7";"10";"22"
"315960 SANTA RITA DO SAPUCAI                                                                               ";"49";"47";"42";"138"
"315970 SANTA ROSA DA SERRA                                                                                 ";"0";"2";"2";"4"
"315980 SANTA VITORIA                                                                                       ";"24";"27";"23";"74"
"315990 SANTO ANTONIO DO AMPARO                                                                             ";"24";"20";"18";"62"
"316000 SANTO ANTONIO DO AVENTUREIRO                                                                        ";"5";"3";"6";"14"
"316010 SANTO ANTONIO DO GRAMA                                                                              ";"3";"7";"4";"14"
"316020 SANTO ANTONIO DO ITAMBE                                                                             ";"5";"0";"4";"9"
"316030 SANTO ANTONIO DO JACINTO                                                                            ";"6";"2";"3";"11"
"316040 SANTO ANTONIO DO MONTE                                                                              ";"26";"23";"21";"70"
"316045 SANTO ANTONIO DO RETIRO                                                                             ";"8";"7";"10";"25"
"316050 SANTO ANTONIO DO RIO ABAIXO                                                                         ";"1";"1";"0";"2"
"316060 SANTO HIPOLITO                                                                                      ";"3";"2";"3";"8"
"316070 SANTOS DUMONT                                                                                       ";"44";"54";"50";"148"
"316080 SAO BENTO ABADE                                                                                     ";"5";"9";"7";"21"
"316090 SAO BRAS DO SUACUI                                                                                  ";"1";"6";"2";"9"
"316095 SAO DOMINGOS DAS DORES                                                                              ";"4";"6";"7";"17"
"316100 SAO DOMINGOS DO PRATA                                                                               ";"14";"9";"12";"35"
"316105 SAO FELIX DE MINAS                                                                                  ";"1";"2";"2";"5"
"316110 SAO FRANCISCO                                                                                       ";"57";"66";"48";"171"
"316120 SAO FRANCISCO DE PAULA                                                                              ";"6";"7";"5";"18"
"316130 SAO FRANCISCO DE SALES                                                                              ";"5";"2";"5";"12"
"316140 SAO FRANCISCO DO GLORIA                                                                             ";"5";"5";"4";"14"
"316150 SAO GERALDO                                                                                         ";"12";"15";"13";"40"
"316160 SAO GERALDO DA PIEDADE                                                                              ";"3";"4";"6";"13"
"316165 SAO GERALDO DO BAIXIO                                                                               ";"2";"1";"0";"3"
"316170 SAO GONCALO DO ABAETE                                                                               ";"4";"8";"2";"14"
"316180 SAO GONCALO DO PARA                                                                                 ";"8";"13";"10";"31"
"316190 SAO GONCALO DO RIO ABAIXO                                                                           ";"4";"10";"6";"20"
"316200 SAO GONCALO DO SAPUCAI                                                                              ";"18";"21";"35";"74"
"316210 SAO GOTARDO                                                                                         ";"34";"37";"21";"92"
"316220 SAO JOAO BATISTA DO GLORIA                                                                          ";"20";"18";"18";"56"
"316225 SAO JOAO DA LAGOA                                                                                   ";"8";"8";"9";"25"
"316230 SAO JOAO DA MATA                                                                                    ";"3";"2";"6";"11"
"316240 SAO JOAO DA PONTE                                                                                   ";"21";"20";"20";"61"
"316245 SAO JOAO DAS MISSOES                                                                                ";"6";"13";"5";"24"
"316250 SAO JOAO DEL REI                                                                                    ";"100";"113";"127";"340"
"316255 SAO JOAO DO MANHUACU                                                                                ";"18";"12";"7";"37"
"316257 SAO JOAO DO MANTENINHA                                                                              ";"5";"4";"1";"10"
"316260 SAO JOAO DO ORIENTE                                                                                 ";"21";"8";"7";"36"
"316265 SAO JOAO DO PACUI                                                                                   ";"5";"5";"4";"14"
"316270 SAO JOAO DO PARAISO                                                                                 ";"15";"31";"14";"60"
"316280 SAO JOAO EVANGELISTA                                                                                ";"11";"11";"11";"33"
"316290 SAO JOAO NEPOMUCENO                                                                                 ";"42";"28";"36";"106"
"316292 SAO JOAQUIM DE BICAS                                                                                ";"20";"20";"9";"49"
"316294 SAO JOSE DA BARRA                                                                                   ";"9";"10";"9";"28"
"316295 SAO JOSE DA LAPA                                                                                    ";"11";"20";"16";"47"
"316300 SAO JOSE DA SAFIRA                                                                                  ";"2";"5";"4";"11"
"316310 SAO JOSE DA VARGINHA                                                                                ";"5";"3";"4";"12"
"316320 SAO JOSE DO ALEGRE                                                                                  ";"4";"5";"7";"16"
"316330 SAO JOSE DO DIVINO                                                                                  ";"0";"11";"1";"12"
"316340 SAO JOSE DO GOIABAL                                                                                 ";"2";"2";"6";"10"
"316350 SAO JOSE DO JACURI                                                                                  ";"3";"2";"3";"8"
"316360 SAO JOSE DO MANTIMENTO                                                                              ";"4";"2";"2";"8"
"316370 SAO LOURENCO                                                                                        ";"53";"56";"59";"168"
"316380 SAO MIGUEL DO ANTA                                                                                  ";"21";"17";"14";"52"
"316390 SAO PEDRO DA UNIAO                                                                                  ";"9";"3";"12";"24"
"316400 SAO PEDRO DOS FERROS                                                                                ";"8";"9";"1";"18"
"316410 SAO PEDRO DO SUACUI                                                                                 ";"3";"3";"2";"8"
"316420 SAO ROMAO                                                                                           ";"10";"5";"3";"18"
"316430 SAO ROQUE DE MINAS                                                                                  ";"5";"8";"10";"23"
"316440 SAO SEBASTIAO DA BELA VISTA                                                                         ";"5";"7";"6";"18"
"316443 SAO SEBASTIAO DA VARGEM ALEGRE                                                                      ";"3";"5";"8";"16"
"316447 SAO SEBASTIAO DO ANTA                                                                               ";"4";"5";"4";"13"
"316450 SAO SEBASTIAO DO MARANHAO                                                                           ";"8";"7";"7";"22"
"316460 SAO SEBASTIAO DO OESTE                                                                              ";"5";"5";"3";"13"
"316470 SAO SEBASTIAO DO PARAISO                                                                            ";"98";"76";"96";"270"
"316480 SAO SEBASTIAO DO RIO PRETO                                                                          ";"1";"2";"2";"5"
"316490 SAO SEBASTIAO DO RIO VERDE                                                                          ";"4";"1";"2";"7"
"316500 SAO TIAGO                                                                                           ";"6";"10";"11";"27"
"316510 SAO TOMAS DE AQUINO                                                                                 ";"15";"12";"14";"41"
"316520 SAO THOME DAS LETRAS                                                                                ";"8";"9";"9";"26"
"316530 SAO VICENTE DE MINAS                                                                                ";"9";"6";"6";"21"
"316540 SAPUCAI-MIRIM                                                                                       ";"4";"2";"2";"8"
"316550 SARDOA                                                                                              ";"5";"4";"3";"12"
"316553 SARZEDO                                                                                             ";"23";"25";"21";"69"
"316555 SETUBINHA                                                                                           ";"2";"7";"9";"18"
"316556 SEM-PEIXE                                                                                           ";"6";"6";"5";"17"
"316557 SENADOR AMARAL                                                                                      ";"2";"7";"4";"13"
"316560 SENADOR CORTES                                                                                      ";"6";"2";"3";"11"
"316570 SENADOR FIRMINO                                                                                     ";"16";"5";"11";"32"
"316580 SENADOR JOSE BENTO                                                                                  ";"3";"3";"2";"8"
"316590 SENADOR MODESTINO GONCALVES                                                                         ";"4";"3";"5";"12"
"316600 SENHORA DE OLIVEIRA                                                                                 ";"3";"6";"7";"16"
"316610 SENHORA DO PORTO                                                                                    ";"1";"4";"1";"6"
"316620 SENHORA DOS REMEDIOS                                                                                ";"13";"15";"15";"43"
"316630 SERICITA                                                                                            ";"8";"4";"6";"18"
"316640 SERITINGA                                                                                           ";"4";"3";"1";"8"
"316650 SERRA AZUL DE MINAS                                                                                 ";"4";"2";"1";"7"
"316660 SERRA DA SAUDADE                                                                                    ";"1";"1";"0";"2"
"316670 SERRA DOS AIMORES                                                                                   ";"4";"5";"5";"14"
"316680 SERRA DO SALITRE                                                                                    ";"8";"6";"4";"18"
"316690 SERRANIA                                                                                            ";"15";"8";"12";"35"
"316695 SERRANOPOLIS DE MINAS                                                                               ";"4";"12";"5";"21"
"316700 SERRANOS                                                                                            ";"1";"2";"6";"9"
"316710 SERRO                                                                                               ";"15";"14";"19";"48"
"316720 SETE LAGOAS                                                                                         ";"243";"253";"222";"718"
"316730 SILVEIRANIA                                                                                         ";"7";"6";"5";"18"
"316740 SILVIANOPOLIS                                                                                       ";"10";"10";"11";"31"
"316750 SIMAO PEREIRA                                                                                       ";"5";"11";"6";"22"
"316760 SIMONESIA                                                                                           ";"19";"12";"12";"43"
"316770 SOBRALIA                                                                                            ";"9";"3";"1";"13"
"316780 SOLEDADE DE MINAS                                                                                   ";"8";"4";"6";"18"
"316790 TABULEIRO                                                                                           ";"8";"8";"6";"22"
"316800 TAIOBEIRAS                                                                                          ";"41";"47";"42";"130"
"316805 TAPARUBA                                                                                            ";"1";"4";"7";"12"
"316810 TAPIRA                                                                                              ";"4";"4";"4";"12"
"316820 TAPIRAI                                                                                             ";"3";"1";"2";"6"
"316830 TAQUARACU DE MINAS                                                                                  ";"1";"2";"5";"8"
"316840 TARUMIRIM                                                                                           ";"13";"8";"15";"36"
"316850 TEIXEIRAS                                                                                           ";"16";"17";"13";"46"
"316860 TEOFILO OTONI                                                                                       ";"126";"132";"134";"392"
"316870 TIMOTEO                                                                                             ";"86";"113";"72";"271"
"316880 TIRADENTES                                                                                          ";"9";"5";"6";"20"
"316890 TIROS                                                                                               ";"6";"7";"2";"15"
"316900 TOCANTINS                                                                                           ";"13";"17";"11";"41"
"316905 TOCOS DO MOJI                                                                                       ";"10";"7";"11";"28"
"316910 TOLEDO                                                                                              ";"4";"4";"3";"11"
"316920 TOMBOS                                                                                              ";"17";"15";"17";"49"
"316930 TRES CORACOES                                                                                       ";"68";"98";"78";"244"
"316935 TRES MARIAS                                                                                         ";"21";"16";"34";"71"
"316940 TRES PONTAS                                                                                         ";"63";"65";"52";"180"
"316950 TUMIRITINGA                                                                                         ";"5";"1";"3";"9"
"316960 TUPACIGUARA                                                                                         ";"34";"33";"26";"93"
"316970 TURMALINA                                                                                           ";"13";"12";"13";"38"
"316980 TURVOLANDIA                                                                                         ";"8";"8";"8";"24"
"316990 UBA                                                                                                 ";"88";"119";"105";"312"
"317000 UBAI                                                                                                ";"12";"16";"12";"40"
"317005 UBAPORANGA                                                                                          ";"15";"9";"9";"33"
"317010 UBERABA                                                                                             ";"339";"338";"332";"1009"
"317020 UBERLANDIA                                                                                          ";"759";"789";"846";"2394"
"317030 UMBURATIBA                                                                                          ";"1";"3";"4";"8"
"317040 UNAI                                                                                                ";"45";"40";"62";"147"
"317043 UNIAO DE MINAS                                                                                      ";"1";"1";"8";"10"
"317047 URUANA DE MINAS                                                                                     ";"2";"0";"1";"3"
"317050 URUCANIA                                                                                            ";"10";"14";"3";"27"
"317052 URUCUIA                                                                                             ";"9";"6";"5";"20"
"317057 VARGEM ALEGRE                                                                                       ";"5";"3";"5";"13"
"317060 VARGEM BONITA                                                                                       ";"2";"3";"4";"9"
"317065 VARGEM GRANDE DO RIO PARDO                                                                          ";"2";"11";"3";"16"
"317070 VARGINHA                                                                                            ";"184";"191";"188";"563"
"317075 VARJAO DE MINAS                                                                                     ";"3";"6";"2";"11"
"317080 VARZEA DA PALMA                                                                                     ";"41";"41";"21";"103"
"317090 VARZELANDIA                                                                                         ";"18";"13";"17";"48"
"317100 VAZANTE                                                                                             ";"25";"17";"19";"61"
"317103 VERDELANDIA                                                                                         ";"6";"5";"3";"14"
"317107 VEREDINHA                                                                                           ";"6";"2";"3";"11"
"317110 VERISSIMO                                                                                           ";"3";"6";"5";"14"
"317115 VERMELHO NOVO                                                                                       ";"2";"2";"4";"8"
"317120 VESPASIANO                                                                                          ";"77";"80";"60";"217"
"317130 VICOSA                                                                                              ";"46";"65";"76";"187"
"317140 VIEIRAS                                                                                             ";"11";"9";"9";"29"
"317150 MATHIAS LOBATO                                                                                      ";"2";"1";"3";"6"
"317160 VIRGEM DA LAPA                                                                                      ";"5";"7";"7";"19"
"317170 VIRGINIA                                                                                            ";"9";"11";"12";"32"
"317180 VIRGINOPOLIS                                                                                        ";"7";"4";"4";"15"
"317190 VIRGOLANDIA                                                                                         ";"5";"8";"8";"21"
"317200 VISCONDE DO RIO BRANCO                                                                              ";"54";"46";"37";"137"
"317210 VOLTA GRANDE                                                                                        ";"6";"7";"10";"23"
"317220 WENCESLAU BRAZ                                                                                      ";"8";"3";"1";"12"
"320010 AFONSO CLAUDIO                                                                                      ";"42";"24";"32";"98"
"320013 AGUIA BRANCA                                                                                        ";"10";"12";"9";"31"
"320016 AGUA DOCE DO NORTE                                                                                  ";"14";"12";"11";"37"
"320020 ALEGRE                                                                                              ";"37";"43";"42";"122"
"320030 ALFREDO CHAVES                                                                                      ";"15";"23";"15";"53"
"320035 ALTO RIO NOVO                                                                                       ";"4";"6";"10";"20"
"320040 ANCHIETA                                                                                            ";"34";"31";"23";"88"
"320050 APIACA                                                                                              ";"8";"10";"5";"23"
"320060 ARACRUZ                                                                                             ";"70";"84";"59";"213"
"320070 ATILIO VIVACQUA                                                                                     ";"10";"8";"13";"31"
"320080 BAIXO GUANDU                                                                                        ";"33";"36";"34";"103"
"320090 BARRA DE SAO FRANCISCO                                                                              ";"30";"42";"27";"99"
"320100 BOA ESPERANCA                                                                                       ";"18";"19";"13";"50"
"320110 BOM JESUS DO NORTE                                                                                  ";"6";"10";"3";"19"
"320115 BREJETUBA                                                                                           ";"6";"7";"10";"23"
"320120 CACHOEIRO DE ITAPEMIRIM                                                                             ";"249";"256";"275";"780"
"320130 CARIACICA                                                                                           ";"366";"397";"332";"1095"
"320140 CASTELO                                                                                             ";"49";"51";"60";"160"
"320150 COLATINA                                                                                            ";"124";"142";"159";"425"
"320160 CONCEICAO DA BARRA                                                                                  ";"18";"26";"18";"62"
"320170 CONCEICAO DO CASTELO                                                                                ";"17";"18";"11";"46"
"320180 DIVINO DE SAO LOURENCO                                                                              ";"2";"3";"4";"9"
"320190 DOMINGOS MARTINS                                                                                    ";"32";"41";"37";"110"
"320200 DORES DO RIO PRETO                                                                                  ";"2";"3";"4";"9"
"320210 ECOPORANGA                                                                                          ";"18";"22";"16";"56"
"320220 FUNDAO                                                                                              ";"19";"25";"16";"60"
"320225 GOVERNADOR LINDENBERG                                                                               ";"11";"5";"19";"35"
"320230 GUACUI                                                                                              ";"37";"42";"36";"115"
"320240 GUARAPARI                                                                                           ";"112";"124";"115";"351"
"320245 IBATIBA                                                                                             ";"21";"28";"23";"72"
"320250 IBIRACU                                                                                             ";"18";"12";"11";"41"
"320255 IBITIRAMA                                                                                           ";"15";"6";"8";"29"
"320260 ICONHA                                                                                              ";"12";"20";"13";"45"
"320265 IRUPI                                                                                               ";"11";"12";"13";"36"
"320270 ITAGUACU                                                                                            ";"16";"14";"17";"47"
"320280 ITAPEMIRIM                                                                                          ";"36";"43";"49";"128"
"320290 ITARANA                                                                                             ";"21";"10";"15";"46"
"320300 IUNA                                                                                                ";"18";"19";"23";"60"
"320305 JAGUARE                                                                                             ";"27";"30";"22";"79"
"320310 JERONIMO MONTEIRO                                                                                   ";"10";"23";"14";"47"
"320313 JOAO NEIVA                                                                                          ";"14";"9";"14";"37"
"320316 LARANJA DA TERRA                                                                                    ";"12";"12";"9";"33"
"320320 LINHARES                                                                                            ";"128";"130";"148";"406"
"320330 MANTENOPOLIS                                                                                        ";"6";"10";"10";"26"
"320332 MARATAIZES                                                                                          ";"56";"57";"47";"160"
"320334 MARECHAL FLORIANO                                                                                   ";"8";"22";"18";"48"
"320335 MARILANDIA                                                                                          ";"6";"14";"25";"45"
"320340 MIMOSO DO SUL                                                                                       ";"37";"43";"42";"122"
"320350 MONTANHA                                                                                            ";"20";"16";"17";"53"
"320360 MUCURICI                                                                                            ";"2";"5";"8";"15"
"320370 MUNIZ FREIRE                                                                                        ";"9";"12";"11";"32"
"320380 MUQUI                                                                                               ";"26";"20";"19";"65"
"320390 NOVA VENECIA                                                                                        ";"34";"44";"45";"123"
"320400 PANCAS                                                                                              ";"13";"13";"28";"54"
"320405 PEDRO CANARIO                                                                                       ";"14";"17";"20";"51"
"320410 PINHEIROS                                                                                           ";"27";"26";"29";"82"
"320420 PIUMA                                                                                               ";"25";"20";"20";"65"
"320425 PONTO BELO                                                                                          ";"9";"9";"6";"24"
"320430 PRESIDENTE KENNEDY                                                                                  ";"20";"22";"24";"66"
"320435 RIO BANANAL                                                                                         ";"18";"16";"20";"54"
"320440 RIO NOVO DO SUL                                                                                     ";"20";"10";"11";"41"
"320450 SANTA LEOPOLDINA                                                                                    ";"15";"17";"17";"49"
"320455 SANTA MARIA DE JETIBA                                                                               ";"42";"35";"46";"123"
"320460 SANTA TERESA                                                                                        ";"27";"40";"36";"103"
"320465 SAO DOMINGOS DO NORTE                                                                               ";"13";"7";"5";"25"
"320470 SAO GABRIEL DA PALHA                                                                                ";"36";"30";"37";"103"
"320480 SAO JOSE DO CALCADO                                                                                 ";"7";"13";"15";"35"
"320490 SAO MATEUS                                                                                          ";"71";"88";"74";"233"
"320495 SAO ROQUE DO CANAA                                                                                  ";"16";"12";"14";"42"
"320500 SERRA                                                                                               ";"460";"491";"422";"1373"
"320501 SOORETAMA                                                                                           ";"13";"13";"19";"45"
"320503 VARGEM ALTA                                                                                         ";"24";"33";"29";"86"
"320506 VENDA NOVA DO IMIGRANTE                                                                             ";"27";"20";"23";"70"
"320510 VIANA                                                                                               ";"64";"50";"62";"176"
"320515 VILA PAVAO                                                                                          ";"12";"9";"9";"30"
"320517 VILA VALERIO                                                                                        ";"19";"14";"17";"50"
"320520 VILA VELHA                                                                                          ";"442";"479";"429";"1350"
"320530 VITORIA                                                                                             ";"388";"431";"356";"1175"
"330010 ANGRA DOS REIS                                                                                      ";"70";"121";"97";"288"
"330015 APERIBE                                                                                             ";"23";"13";"22";"58"
"330020 ARARUAMA                                                                                            ";"97";"129";"92";"318"
"330022 AREAL                                                                                               ";"17";"20";"17";"54"
"330023 ARMACAO DOS BUZIOS                                                                                  ";"34";"37";"37";"108"
"330025 ARRAIAL DO CABO                                                                                     ";"31";"36";"24";"91"
"330030 BARRA DO PIRAI                                                                                      ";"73";"94";"72";"239"
"330040 BARRA MANSA                                                                                         ";"151";"248";"214";"613"
"330045 BELFORD ROXO                                                                                        ";"233";"214";"229";"676"
"330050 BOM JARDIM                                                                                          ";"22";"23";"14";"59"
"330060 BOM JESUS DO ITABAPOANA                                                                             ";"57";"46";"59";"162"
"330070 CABO FRIO                                                                                           ";"330";"222";"299";"851"
"330080 CACHOEIRAS DE MACACU                                                                                ";"34";"41";"32";"107"
"330090 CAMBUCI                                                                                             ";"16";"18";"12";"46"
"330093 CARAPEBUS                                                                                           ";"7";"8";"10";"25"
"330095 COMENDADOR LEVY GASPARIAN                                                                           ";"8";"8";"7";"23"
"330100 CAMPOS DOS GOYTACAZES                                                                               ";"565";"632";"715";"1912"
"330110 CANTAGALO                                                                                           ";"20";"14";"16";"50"
"330115 CARDOSO MOREIRA                                                                                     ";"12";"11";"18";"41"
"330120 CARMO                                                                                               ";"18";"18";"13";"49"
"330130 CASIMIRO DE ABREU                                                                                   ";"18";"20";"16";"54"
"330140 CONCEICAO DE MACABU                                                                                 ";"9";"12";"15";"36"
"330150 CORDEIRO                                                                                            ";"27";"18";"14";"59"
"330160 DUAS BARRAS                                                                                         ";"9";"6";"12";"27"
"330170 DUQUE DE CAXIAS                                                                                     ";"470";"439";"553";"1462"
"330180 ENGENHEIRO PAULO DE FRONTIN                                                                         ";"9";"10";"14";"33"
"330185 GUAPIMIRIM                                                                                          ";"27";"23";"25";"75"
"330187 IGUABA GRANDE                                                                                       ";"40";"32";"16";"88"
"330190 ITABORAI                                                                                            ";"136";"134";"138";"408"
"330200 ITAGUAI                                                                                             ";"57";"72";"60";"189"
"330205 ITALVA                                                                                              ";"30";"17";"29";"76"
"330210 ITAOCARA                                                                                            ";"30";"30";"37";"97"
"330220 ITAPERUNA                                                                                           ";"169";"179";"139";"487"
"330225 ITATIAIA                                                                                            ";"12";"29";"14";"55"
"330227 JAPERI                                                                                              ";"43";"50";"59";"152"
"330230 LAJE DO MURIAE                                                                                      ";"9";"11";"1";"21"
"330240 MACAE                                                                                               ";"110";"162";"171";"443"
"330245 MACUCO                                                                                              ";"14";"7";"9";"30"
"330250 MAGE                                                                                                ";"73";"47";"87";"207"
"330260 MANGARATIBA                                                                                         ";"21";"29";"25";"75"
"330270 MARICA                                                                                              ";"88";"80";"125";"293"
"330280 MENDES                                                                                              ";"23";"20";"19";"62"
"330285 MESQUITA                                                                                            ";"68";"87";"99";"254"
"330290 MIGUEL PEREIRA                                                                                      ";"30";"25";"26";"81"
"330300 MIRACEMA                                                                                            ";"37";"38";"44";"119"
"330310 NATIVIDADE                                                                                          ";"24";"13";"21";"58"
"330320 NILOPOLIS                                                                                           ";"109";"100";"105";"314"
"330330 NITEROI                                                                                             ";"421";"414";"504";"1339"
"330340 NOVA FRIBURGO                                                                                       ";"186";"159";"183";"528"
"330350 NOVA IGUACU                                                                                         ";"383";"430";"467";"1280"
"330360 PARACAMBI                                                                                           ";"51";"52";"52";"155"
"330370 PARAIBA DO SUL                                                                                      ";"29";"55";"41";"125"
"330380 PARATY                                                                                              ";"22";"16";"32";"70"
"330385 PATY DO ALFERES                                                                                     ";"28";"20";"33";"81"
"330390 PETROPOLIS                                                                                          ";"388";"418";"446";"1252"
"330395 PINHEIRAL                                                                                           ";"15";"36";"20";"71"
"330400 PIRAI                                                                                               ";"21";"20";"33";"74"
"330410 PORCIUNCULA                                                                                         ";"8";"25";"17";"50"
"330411 PORTO REAL                                                                                          ";"16";"8";"30";"54"
"330412 QUATIS                                                                                              ";"8";"19";"17";"44"
"330414 QUEIMADOS                                                                                           ";"79";"82";"84";"245"
"330415 QUISSAMA                                                                                            ";"14";"21";"29";"64"
"330420 RESENDE                                                                                             ";"84";"110";"112";"306"
"330430 RIO BONITO                                                                                          ";"65";"48";"84";"197"
"330440 RIO CLARO                                                                                           ";"19";"23";"23";"65"
"330450 RIO DAS FLORES                                                                                      ";"12";"10";"8";"30"
"330452 RIO DAS OSTRAS                                                                                      ";"71";"68";"60";"199"
"330455 RIO DE JANEIRO                                                                                      ";"4764";"4710";"4609";"14083"
"330460 SANTA MARIA MADALENA                                                                                ";"11";"13";"8";"32"
"330470 SANTO ANTONIO DE PADUA                                                                              ";"65";"56";"33";"154"
"330475 SAO FRANCISCO DE ITABAPOANA                                                                         ";"23";"28";"24";"75"
"330480 SAO FIDELIS                                                                                         ";"24";"23";"24";"71"
"330490 SAO GONCALO                                                                                         ";"677";"682";"748";"2107"
"330500 SAO JOAO DA BARRA                                                                                   ";"33";"28";"38";"99"
"330510 SAO JOAO DE MERITI                                                                                  ";"285";"256";"279";"820"
"330513 SAO JOSE DE UBA                                                                                     ";"8";"16";"11";"35"
"330515 SAO JOSE DO VALE DO RIO PRETO                                                                       ";"17";"14";"11";"42"
"330520 SAO PEDRO DA ALDEIA                                                                                 ";"67";"54";"41";"162"
"330530 SAO SEBASTIAO DO ALTO                                                                               ";"5";"5";"1";"11"
"330540 SAPUCAIA                                                                                            ";"16";"13";"13";"42"
"330550 SAQUAREMA                                                                                           ";"75";"44";"48";"167"
"330555 SEROPEDICA                                                                                          ";"30";"27";"28";"85"
"330560 SILVA JARDIM                                                                                        ";"17";"14";"15";"46"
"330570 SUMIDOURO                                                                                           ";"14";"13";"11";"38"
"330575 TANGUA                                                                                              ";"18";"19";"21";"58"
"330580 TERESOPOLIS                                                                                         ";"175";"188";"181";"544"
"330590 TRAJANO DE MORAES                                                                                   ";"2";"7";"3";"12"
"330600 TRES RIOS                                                                                           ";"70";"60";"73";"203"
"330610 VALENCA                                                                                             ";"57";"68";"83";"208"
"330615 VARRE-SAI                                                                                           ";"10";"11";"16";"37"
"330620 VASSOURAS                                                                                           ";"37";"51";"37";"125"
"330630 VOLTA REDONDA                                                                                       ";"305";"297";"285";"887"
"350010 ADAMANTINA                                                                                          ";"61";"57";"37";"155"
"350020 ADOLFO                                                                                              ";"8";"8";"7";"23"
"350030 AGUAI                                                                                               ";"50";"29";"13";"92"
"350040 AGUAS DA PRATA                                                                                      ";"8";"4";"11";"23"
"350050 AGUAS DE LINDOIA                                                                                    ";"32";"20";"21";"73"
"350055 AGUAS DE SANTA BARBARA                                                                              ";"2";"5";"8";"15"
"350060 AGUAS DE SAO PEDRO                                                                                  ";"9";"7";"2";"18"
"350070 AGUDOS                                                                                              ";"45";"40";"44";"129"
"350075 ALAMBARI                                                                                            ";"5";"2";"1";"8"
"350080 ALFREDO MARCONDES                                                                                   ";"3";"1";"6";"10"
"350090 ALTAIR                                                                                              ";"6";"4";"4";"14"
"350100 ALTINOPOLIS                                                                                         ";"24";"26";"22";"72"
"350110 ALTO ALEGRE                                                                                         ";"7";"10";"7";"24"
"350115 ALUMINIO                                                                                            ";"16";"20";"14";"50"
"350120 ALVARES FLORENCE                                                                                    ";"4";"10";"6";"20"
"350130 ALVARES MACHADO                                                                                     ";"33";"26";"29";"88"
"350140 ALVARO DE CARVALHO                                                                                  ";"0";"2";"2";"4"
"350150 ALVINLANDIA                                                                                         ";"5";"1";"4";"10"
"350160 AMERICANA                                                                                           ";"179";"206";"171";"556"
"350170 AMERICO BRASILIENSE                                                                                 ";"21";"42";"20";"83"
"350180 AMERICO DE CAMPOS                                                                                   ";"11";"11";"17";"39"
"350190 AMPARO                                                                                              ";"80";"60";"70";"210"
"350200 ANALANDIA                                                                                           ";"6";"4";"2";"12"
"350210 ANDRADINA                                                                                           ";"92";"84";"79";"255"
"350220 ANGATUBA                                                                                            ";"22";"17";"13";"52"
"350230 ANHEMBI                                                                                             ";"6";"7";"11";"24"
"350240 ANHUMAS                                                                                             ";"5";"4";"4";"13"
"350250 APARECIDA                                                                                           ";"25";"32";"26";"83"
"350260 APARECIDA D\'OESTE                                                                                   ";"10";"7";"11";"28"
"350270 APIAI                                                                                               ";"10";"6";"10";"26"
"350275 ARACARIGUAMA                                                                                        ";"10";"14";"14";"38"
"350280 ARACATUBA                                                                                           ";"286";"293";"252";"831"
"350290 ARACOIABA DA SERRA                                                                                  ";"27";"14";"27";"68"
"350300 ARAMINA                                                                                             ";"8";"10";"14";"32"
"350310 ARANDU                                                                                              ";"9";"7";"6";"22"
"350315 ARAPEI                                                                                              ";"5";"2";"1";"8"
"350320 ARARAQUARA                                                                                          ";"235";"249";"232";"716"
"350330 ARARAS                                                                                              ";"146";"135";"144";"425"
"350335 ARCO-IRIS                                                                                           ";"2";"1";"3";"6"
"350340 AREALVA                                                                                             ";"20";"11";"9";"40"
"350350 AREIAS                                                                                              ";"5";"1";"0";"6"
"350360 AREIOPOLIS                                                                                          ";"13";"7";"3";"23"
"350370 ARIRANHA                                                                                            ";"14";"11";"12";"37"
"350380 ARTUR NOGUEIRA                                                                                      ";"22";"32";"34";"88"
"350390 ARUJA                                                                                               ";"45";"56";"52";"153"
"350395 ASPASIA                                                                                             ";"1";"4";"2";"7"
"350400 ASSIS                                                                                               ";"125";"146";"100";"371"
"350410 ATIBAIA                                                                                             ";"101";"113";"123";"337"
"350420 AURIFLAMA                                                                                           ";"18";"13";"17";"48"
"350430 AVAI                                                                                                ";"6";"12";"9";"27"
"350440 AVANHANDAVA                                                                                         ";"8";"11";"12";"31"
"350450 AVARE                                                                                               ";"125";"117";"118";"360"
"350460 BADY BASSITT                                                                                        ";"20";"18";"30";"68"
"350470 BALBINOS                                                                                            ";"3";"3";"5";"11"
"350480 BALSAMO                                                                                             ";"9";"10";"13";"32"
"350490 BANANAL                                                                                             ";"4";"6";"3";"13"
"350500 BARAO DE ANTONINA                                                                                   ";"4";"3";"0";"7"
"350510 BARBOSA                                                                                             ";"10";"5";"7";"22"
"350520 BARIRI                                                                                              ";"48";"50";"34";"132"
"350530 BARRA BONITA                                                                                        ";"64";"46";"59";"169"
"350535 BARRA DO CHAPEU                                                                                     ";"3";"3";"3";"9"
"350540 BARRA DO TURVO                                                                                      ";"12";"2";"3";"17"
"350550 BARRETOS                                                                                            ";"362";"301";"318";"981"
"350560 BARRINHA                                                                                            ";"24";"22";"26";"72"
"350570 BARUERI                                                                                             ";"225";"206";"203";"634"
"350580 BASTOS                                                                                              ";"35";"26";"34";"95"
"350590 BATATAIS                                                                                            ";"85";"88";"72";"245"
"350600 BAURU                                                                                               ";"503";"363";"390";"1256"
"350610 BEBEDOURO                                                                                           ";"111";"84";"107";"302"
"350620 BENTO DE ABREU                                                                                      ";"4";"2";"9";"15"
"350630 BERNARDINO DE CAMPOS                                                                                ";"9";"10";"12";"31"
"350635 BERTIOGA                                                                                            ";"33";"25";"22";"80"
"350640 BILAC                                                                                               ";"19";"24";"17";"60"
"350650 BIRIGUI                                                                                             ";"180";"192";"198";"570"
"350660 BIRITIBA-MIRIM                                                                                      ";"19";"31";"27";"77"
"350670 BOA ESPERANCA DO SUL                                                                                ";"15";"10";"15";"40"
"350680 BOCAINA                                                                                             ";"15";"13";"20";"48"
"350690 BOFETE                                                                                              ";"19";"15";"11";"45"
"350700 BOITUVA                                                                                             ";"58";"31";"50";"139"
"350710 BOM JESUS DOS PERDOES                                                                               ";"16";"13";"12";"41"
"350715 BOM SUCESSO DE ITARARE                                                                              ";"1";"4";"0";"5"
"350720 BORA                                                                                                ";"0";"2";"0";"2"
"350730 BORACEIA                                                                                            ";"5";"8";"7";"20"
"350740 BORBOREMA                                                                                           ";"17";"21";"24";"62"
"350745 BOREBI                                                                                              ";"4";"2";"4";"10"
"350750 BOTUCATU                                                                                            ";"237";"216";"243";"696"
"350760 BRAGANCA PAULISTA                                                                                   ";"166";"194";"131";"491"
"350770 BRAUNA                                                                                              ";"5";"8";"8";"21"
"350775 BREJO ALEGRE                                                                                        ";"5";"6";"5";"16"
"350780 BRODOWSKI                                                                                           ";"14";"39";"20";"73"
"350790 BROTAS                                                                                              ";"28";"30";"24";"82"
"350800 BURI                                                                                                ";"17";"16";"13";"46"
"350810 BURITAMA                                                                                            ";"18";"23";"32";"73"
"350820 BURITIZAL                                                                                           ";"11";"7";"3";"21"
"350830 CABRALIA PAULISTA                                                                                   ";"3";"4";"5";"12"
"350840 CABREUVA                                                                                            ";"37";"36";"24";"97"
"350850 CACAPAVA                                                                                            ";"49";"68";"62";"179"
"350860 CACHOEIRA PAULISTA                                                                                  ";"21";"29";"33";"83"
"350870 CACONDE                                                                                             ";"22";"20";"16";"58"
"350880 CAFELANDIA                                                                                          ";"23";"15";"30";"68"
"350890 CAIABU                                                                                              ";"3";"3";"7";"13"
"350900 CAIEIRAS                                                                                            ";"38";"52";"42";"132"
"350910 CAIUA                                                                                               ";"2";"11";"7";"20"
"350920 CAJAMAR                                                                                             ";"30";"30";"26";"86"
"350925 CAJATI                                                                                              ";"21";"23";"30";"74"
"350930 CAJOBI                                                                                              ";"15";"22";"13";"50"
"350940 CAJURU                                                                                              ";"33";"23";"27";"83"
"350945 CAMPINA DO MONTE ALEGRE                                                                             ";"9";"5";"5";"19"
"350950 CAMPINAS                                                                                            ";"638";"758";"816";"2212"
"350960 CAMPO LIMPO PAULISTA                                                                                ";"64";"91";"51";"206"
"350970 CAMPOS DO JORDAO                                                                                    ";"28";"32";"35";"95"
"350980 CAMPOS NOVOS PAULISTA                                                                               ";"3";"4";"8";"15"
"350990 CANANEIA                                                                                            ";"17";"17";"11";"45"
"350995 CANAS                                                                                               ";"8";"4";"0";"12"
"351000 CANDIDO MOTA                                                                                        ";"39";"43";"40";"122"
"351010 CANDIDO RODRIGUES                                                                                   ";"1";"0";"3";"4"
"351015 CANITAR                                                                                             ";"5";"3";"4";"12"
"351020 CAPAO BONITO                                                                                        ";"46";"48";"57";"151"
"351030 CAPELA DO ALTO                                                                                      ";"19";"10";"16";"45"
"351040 CAPIVARI                                                                                            ";"65";"56";"45";"166"
"351050 CARAGUATATUBA                                                                                       ";"93";"85";"91";"269"
"351060 CARAPICUIBA                                                                                         ";"249";"204";"265";"718"
"351070 CARDOSO                                                                                             ";"17";"24";"23";"64"
"351080 CASA BRANCA                                                                                         ";"38";"34";"26";"98"
"351090 CASSIA DOS COQUEIROS                                                                                ";"5";"1";"1";"7"
"351100 CASTILHO                                                                                            ";"32";"38";"30";"100"
"351110 CATANDUVA                                                                                           ";"172";"171";"150";"493"
"351120 CATIGUA                                                                                             ";"7";"7";"6";"20"
"351130 CEDRAL                                                                                              ";"13";"4";"17";"34"
"351140 CERQUEIRA CESAR                                                                                     ";"28";"25";"43";"96"
"351150 CERQUILHO                                                                                           ";"38";"31";"29";"98"
"351160 CESARIO LANGE                                                                                       ";"25";"15";"16";"56"
"351170 CHARQUEADA                                                                                          ";"13";"11";"12";"36"
"351190 CLEMENTINA                                                                                          ";"16";"4";"10";"30"
"351200 COLINA                                                                                              ";"32";"22";"38";"92"
"351210 COLOMBIA                                                                                            ";"7";"9";"11";"27"
"351220 CONCHAL                                                                                             ";"37";"31";"26";"94"
"351230 CONCHAS                                                                                             ";"17";"24";"22";"63"
"351240 CORDEIROPOLIS                                                                                       ";"20";"22";"16";"58"
"351250 COROADOS                                                                                            ";"8";"6";"10";"24"
"351260 CORONEL MACEDO                                                                                      ";"4";"4";"0";"8"
"351270 CORUMBATAI                                                                                          ";"10";"3";"6";"19"
"351280 COSMOPOLIS                                                                                          ";"52";"44";"54";"150"
"351290 COSMORAMA                                                                                           ";"12";"16";"9";"37"
"351300 COTIA                                                                                               ";"155";"162";"166";"483"
"351310 CRAVINHOS                                                                                           ";"28";"52";"37";"117"
"351320 CRISTAIS PAULISTA                                                                                   ";"10";"5";"9";"24"
"351330 CRUZALIA                                                                                            ";"2";"2";"3";"7"
"351340 CRUZEIRO                                                                                            ";"67";"59";"78";"204"
"351350 CUBATAO                                                                                             ";"53";"60";"55";"168"
"351360 CUNHA                                                                                               ";"18";"18";"14";"50"
"351370 DESCALVADO                                                                                          ";"35";"38";"43";"116"
"351380 DIADEMA                                                                                             ";"256";"217";"194";"667"
"351385 DIRCE REIS                                                                                          ";"3";"9";"4";"16"
"351390 DIVINOLANDIA                                                                                        ";"18";"15";"14";"47"
"351400 DOBRADA                                                                                             ";"10";"6";"3";"19"
"351410 DOIS CORREGOS                                                                                       ";"35";"23";"31";"89"
"351420 DOLCINOPOLIS                                                                                        ";"2";"6";"6";"14"
"351430 DOURADO                                                                                             ";"14";"14";"9";"37"
"351440 DRACENA                                                                                             ";"65";"54";"55";"174"
"351450 DUARTINA                                                                                            ";"17";"17";"18";"52"
"351460 DUMONT                                                                                              ";"10";"9";"9";"28"
"351470 ECHAPORA                                                                                            ";"11";"13";"10";"34"
"351480 ELDORADO                                                                                            ";"12";"17";"16";"45"
"351490 ELIAS FAUSTO                                                                                        ";"11";"12";"20";"43"
"351492 ELISIARIO                                                                                           ";"3";"4";"8";"15"
"351495 EMBAUBA                                                                                             ";"4";"4";"5";"13"
"351500 EMBU DAS ARTES                                                                                      ";"170";"172";"174";"516"
"351510 EMBU-GUACU                                                                                          ";"33";"34";"31";"98"
"351512 EMILIANOPOLIS                                                                                       ";"5";"4";"7";"16"
"351515 ENGENHEIRO COELHO                                                                                   ";"9";"15";"13";"37"
"351518 ESPIRITO SANTO DO PINHAL                                                                            ";"34";"35";"23";"92"
"351519 ESPIRITO SANTO DO TURVO                                                                             ";"1";"6";"4";"11"
"351520 ESTRELA D\'OESTE                                                                                     ";"12";"11";"16";"39"
"351530 ESTRELA DO NORTE                                                                                    ";"1";"2";"2";"5"
"351535 EUCLIDES DA CUNHA PAULISTA                                                                          ";"8";"7";"8";"23"
"351540 FARTURA                                                                                             ";"26";"19";"21";"66"
"351550 FERNANDOPOLIS                                                                                       ";"134";"116";"106";"356"
"351560 FERNANDO PRESTES                                                                                    ";"4";"7";"8";"19"
"351565 FERNAO                                                                                              ";"1";"1";"0";"2"
"351570 FERRAZ DE VASCONCELOS                                                                               ";"70";"116";"94";"280"
"351580 FLORA RICA                                                                                          ";"0";"1";"2";"3"
"351590 FLOREAL                                                                                             ";"8";"7";"6";"21"
"351600 FLORIDA PAULISTA                                                                                    ";"20";"10";"16";"46"
"351610 FLORINIA                                                                                            ";"4";"7";"2";"13"
"351620 FRANCA                                                                                              ";"370";"365";"416";"1151"
"351630 FRANCISCO MORATO                                                                                    ";"75";"80";"72";"227"
"351640 FRANCO DA ROCHA                                                                                     ";"74";"69";"82";"225"
"351650 GABRIEL MONTEIRO                                                                                    ";"3";"11";"6";"20"
"351660 GALIA                                                                                               ";"8";"12";"6";"26"
"351670 GARCA                                                                                               ";"59";"72";"50";"181"
"351680 GASTAO VIDIGAL                                                                                      ";"4";"5";"3";"12"
"351685 GAVIAO PEIXOTO                                                                                      ";"1";"2";"2";"5"
"351690 GENERAL SALGADO                                                                                     ";"19";"16";"12";"47"
"351700 GETULINA                                                                                            ";"12";"16";"12";"40"
"351710 GLICERIO                                                                                            ";"7";"8";"6";"21"
"351720 GUAICARA                                                                                            ";"13";"5";"15";"33"
"351730 GUAIMBE                                                                                             ";"9";"2";"8";"19"
"351740 GUAIRA                                                                                              ";"56";"55";"66";"177"
"351750 GUAPIACU                                                                                            ";"27";"24";"22";"73"
"351760 GUAPIARA                                                                                            ";"15";"10";"13";"38"
"351770 GUARA                                                                                               ";"20";"20";"30";"70"
"351780 GUARACAI                                                                                            ";"26";"18";"10";"54"
"351790 GUARACI                                                                                             ";"12";"9";"5";"26"
"351800 GUARANI D\'OESTE                                                                                     ";"3";"3";"1";"7"
"351810 GUARANTA                                                                                            ";"10";"2";"9";"21"
"351820 GUARARAPES                                                                                          ";"43";"54";"62";"159"
"351830 GUARAREMA                                                                                           ";"16";"23";"27";"66"
"351840 GUARATINGUETA                                                                                       ";"143";"119";"113";"375"
"351850 GUAREI                                                                                              ";"17";"14";"9";"40"
"351860 GUARIBA                                                                                             ";"22";"34";"32";"88"
"351870 GUARUJA                                                                                             ";"164";"171";"185";"520"
"351880 GUARULHOS                                                                                           ";"698";"640";"567";"1905"
"351885 GUATAPARA                                                                                           ";"7";"6";"8";"21"
"351890 GUZOLANDIA                                                                                          ";"9";"5";"8";"22"
"351900 HERCULANDIA                                                                                         ";"11";"9";"9";"29"
"351905 HOLAMBRA                                                                                            ";"9";"11";"9";"29"
"351907 HORTOLANDIA                                                                                         ";"139";"167";"208";"514"
"351910 IACANGA                                                                                             ";"17";"12";"11";"40"
"351920 IACRI                                                                                               ";"11";"8";"9";"28"
"351925 IARAS                                                                                               ";"4";"9";"3";"16"
"351930 IBATE                                                                                               ";"25";"16";"26";"67"
"351940 IBIRA                                                                                               ";"20";"22";"24";"66"
"351950 IBIRAREMA                                                                                           ";"11";"4";"10";"25"
"351960 IBITINGA                                                                                            ";"79";"79";"60";"218"
"351970 IBIUNA                                                                                              ";"65";"39";"51";"155"
"351980 ICEM                                                                                                ";"7";"12";"6";"25"
"351990 IEPE                                                                                                ";"8";"8";"8";"24"
"352000 IGARACU DO TIETE                                                                                    ";"28";"29";"21";"78"
"352010 IGARAPAVA                                                                                           ";"31";"24";"31";"86"
"352020 IGARATA                                                                                             ";"9";"3";"9";"21"
"352030 IGUAPE                                                                                              ";"32";"15";"26";"73"
"352040 ILHABELA                                                                                            ";"17";"19";"27";"63"
"352042 ILHA COMPRIDA                                                                                       ";"19";"20";"7";"46"
"352044 ILHA SOLTEIRA                                                                                       ";"23";"24";"45";"92"
"352050 INDAIATUBA                                                                                          ";"171";"182";"171";"524"
"352060 INDIANA                                                                                             ";"3";"6";"9";"18"
"352070 INDIAPORA                                                                                           ";"5";"1";"8";"14"
"352080 INUBIA PAULISTA                                                                                     ";"4";"4";"6";"14"
"352090 IPAUSSU                                                                                             ";"18";"20";"17";"55"
"352100 IPERO                                                                                               ";"17";"18";"14";"49"
"352110 IPEUNA                                                                                              ";"4";"5";"8";"17"
"352115 IPIGUA                                                                                              ";"4";"11";"10";"25"
"352120 IPORANGA                                                                                            ";"4";"3";"3";"10"
"352130 IPUA                                                                                                ";"17";"26";"22";"65"
"352140 IRACEMAPOLIS                                                                                        ";"17";"23";"13";"53"
"352150 IRAPUA                                                                                              ";"9";"8";"11";"28"
"352160 IRAPURU                                                                                             ";"12";"13";"10";"35"
"352170 ITABERA                                                                                             ";"15";"11";"10";"36"
"352180 ITAI                                                                                                ";"27";"31";"18";"76"
"352190 ITAJOBI                                                                                             ";"30";"37";"28";"95"
"352200 ITAJU                                                                                               ";"9";"6";"7";"22"
"352210 ITANHAEM                                                                                            ";"73";"67";"72";"212"
"352215 ITAOCA                                                                                              ";"3";"1";"2";"6"
"352220 ITAPECERICA DA SERRA                                                                                ";"131";"115";"115";"361"
"352230 ITAPETININGA                                                                                        ";"135";"98";"114";"347"
"352240 ITAPEVA                                                                                             ";"77";"61";"79";"217"
"352250 ITAPEVI                                                                                             ";"132";"126";"144";"402"
"352260 ITAPIRA                                                                                             ";"85";"103";"92";"280"
"352265 ITAPIRAPUA PAULISTA                                                                                 ";"2";"0";"0";"2"
"352270 ITAPOLIS                                                                                            ";"41";"41";"46";"128"
"352280 ITAPORANGA                                                                                          ";"23";"22";"9";"54"
"352290 ITAPUI                                                                                              ";"13";"10";"22";"45"
"352300 ITAPURA                                                                                             ";"4";"6";"7";"17"
"352310 ITAQUAQUECETUBA                                                                                     ";"158";"176";"147";"481"
"352320 ITARARE                                                                                             ";"49";"49";"66";"164"
"352330 ITARIRI                                                                                             ";"12";"11";"18";"41"
"352340 ITATIBA                                                                                             ";"106";"149";"110";"365"
"352350 ITATINGA                                                                                            ";"16";"25";"21";"62"
"352360 ITIRAPINA                                                                                           ";"16";"13";"16";"45"
"352370 ITIRAPUA                                                                                            ";"2";"9";"12";"23"
"352380 ITOBI                                                                                               ";"11";"10";"10";"31"
"352390 ITU                                                                                                 ";"136";"105";"89";"330"
"352400 ITUPEVA                                                                                             ";"22";"40";"33";"95"
"352410 ITUVERAVA                                                                                           ";"54";"46";"48";"148"
"352420 JABORANDI                                                                                           ";"10";"7";"10";"27"
"352430 JABOTICABAL                                                                                         ";"75";"78";"77";"230"
"352440 JACAREI                                                                                             ";"197";"81";"184";"462"
"352450 JACI                                                                                                ";"5";"6";"1";"12"
"352460 JACUPIRANGA                                                                                         ";"19";"17";"11";"47"
"352470 JAGUARIUNA                                                                                          ";"43";"54";"50";"147"
"352480 JALES                                                                                               ";"113";"102";"116";"331"
"352490 JAMBEIRO                                                                                            ";"2";"0";"2";"4"
"352500 JANDIRA                                                                                             ";"60";"63";"70";"193"
"352510 JARDINOPOLIS                                                                                        ";"55";"36";"55";"146"
"352520 JARINU                                                                                              ";"29";"33";"30";"92"
"352530 JAU                                                                                                 ";"219";"219";"207";"645"
"352540 JERIQUARA                                                                                           ";"1";"2";"7";"10"
"352550 JOANOPOLIS                                                                                          ";"6";"7";"10";"23"
"352560 JOAO RAMALHO                                                                                        ";"2";"7";"2";"11"
"352570 JOSE BONIFACIO                                                                                      ";"40";"43";"56";"139"
"352580 JULIO MESQUITA                                                                                      ";"3";"8";"3";"14"
"352585 JUMIRIM                                                                                             ";"3";"0";"1";"4"
"352590 JUNDIAI                                                                                             ";"440";"438";"515";"1393"
"352600 JUNQUEIROPOLIS                                                                                      ";"23";"36";"21";"80"
"352610 JUQUIA                                                                                              ";"16";"16";"15";"47"
"352620 JUQUITIBA                                                                                           ";"21";"19";"23";"63"
"352630 LAGOINHA                                                                                            ";"4";"4";"4";"12"
"352640 LARANJAL PAULISTA                                                                                   ";"35";"42";"29";"106"
"352650 LAVINIA                                                                                             ";"7";"8";"3";"18"
"352660 LAVRINHAS                                                                                           ";"3";"9";"7";"19"
"352670 LEME                                                                                                ";"87";"117";"81";"285"
"352680 LENCOIS PAULISTA                                                                                    ";"84";"75";"63";"222"
"352690 LIMEIRA                                                                                             ";"256";"284";"257";"797"
"352700 LINDOIA                                                                                             ";"9";"12";"10";"31"
"352710 LINS                                                                                                ";"62";"65";"63";"190"
"352720 LORENA                                                                                              ";"68";"69";"79";"216"
"352725 LOURDES                                                                                             ";"6";"3";"2";"11"
"352730 LOUVEIRA                                                                                            ";"37";"26";"42";"105"
"352740 LUCELIA                                                                                             ";"25";"31";"27";"83"
"352750 LUCIANOPOLIS                                                                                        ";"3";"8";"5";"16"
"352760 LUIS ANTONIO                                                                                        ";"9";"14";"9";"32"
"352770 LUIZIANIA                                                                                           ";"6";"9";"6";"21"
"352780 LUPERCIO                                                                                            ";"8";"5";"2";"15"
"352790 LUTECIA                                                                                             ";"2";"4";"4";"10"
"352800 MACATUBA                                                                                            ";"20";"19";"22";"61"
"352810 MACAUBAL                                                                                            ";"7";"11";"8";"26"
"352820 MACEDONIA                                                                                           ";"7";"2";"13";"22"
"352830 MAGDA                                                                                               ";"8";"9";"5";"22"
"352840 MAIRINQUE                                                                                           ";"25";"18";"33";"76"
"352850 MAIRIPORA                                                                                           ";"53";"59";"38";"150"
"352860 MANDURI                                                                                             ";"11";"16";"12";"39"
"352870 MARABA PAULISTA                                                                                     ";"3";"1";"3";"7"
"352880 MARACAI                                                                                             ";"14";"10";"11";"35"
"352885 MARAPOAMA                                                                                           ";"5";"3";"2";"10"
"352890 MARIAPOLIS                                                                                          ";"5";"2";"4";"11"
"352900 MARILIA                                                                                             ";"299";"315";"346";"960"
"352910 MARINOPOLIS                                                                                         ";"8";"3";"3";"14"
"352920 MARTINOPOLIS                                                                                        ";"33";"33";"35";"101"
"352930 MATAO                                                                                               ";"87";"85";"100";"272"
"352940 MAUA                                                                                                ";"216";"222";"205";"643"
"352950 MENDONCA                                                                                            ";"5";"13";"9";"27"
"352960 MERIDIANO                                                                                           ";"6";"7";"13";"26"
"352965 MESOPOLIS                                                                                           ";"3";"3";"2";"8"
"352970 MIGUELOPOLIS                                                                                        ";"21";"17";"31";"69"
"352980 MINEIROS DO TIETE                                                                                   ";"16";"19";"15";"50"
"352990 MIRACATU                                                                                            ";"13";"15";"21";"49"
"353000 MIRA ESTRELA                                                                                        ";"3";"5";"4";"12"
"353010 MIRANDOPOLIS                                                                                        ";"36";"41";"55";"132"
"353020 MIRANTE DO PARANAPANEMA                                                                             ";"27";"14";"19";"60"
"353030 MIRASSOL                                                                                            ";"68";"47";"65";"180"
"353040 MIRASSOLANDIA                                                                                       ";"6";"5";"6";"17"
"353050 MOCOCA                                                                                              ";"73";"69";"71";"213"
"353060 MOGI DAS CRUZES                                                                                     ";"273";"288";"288";"849"
"353070 MOGI GUACU                                                                                          ";"161";"163";"183";"507"
"353080 MOGI MIRIM                                                                                          ";"96";"81";"101";"278"
"353090 MOMBUCA                                                                                             ";"2";"2";"2";"6"
"353100 MONCOES                                                                                             ";"3";"3";"1";"7"
"353110 MONGAGUA                                                                                            ";"34";"40";"27";"101"
"353120 MONTE ALEGRE DO SUL                                                                                 ";"7";"9";"8";"24"
"353130 MONTE ALTO                                                                                          ";"61";"42";"57";"160"
"353140 MONTE APRAZIVEL                                                                                     ";"22";"31";"14";"67"
"353150 MONTE AZUL PAULISTA                                                                                 ";"17";"33";"29";"79"
"353160 MONTE CASTELO                                                                                       ";"6";"3";"10";"19"
"353170 MONTEIRO LOBATO                                                                                     ";"0";"9";"1";"10"
"353180 MONTE MOR                                                                                           ";"32";"42";"47";"121"
"353190 MORRO AGUDO                                                                                         ";"25";"43";"32";"100"
"353200 MORUNGABA                                                                                           ";"13";"18";"8";"39"
"353205 MOTUCA                                                                                              ";"3";"0";"1";"4"
"353210 MURUTINGA DO SUL                                                                                    ";"9";"8";"7";"24"
"353215 NANTES                                                                                              ";"4";"9";"4";"17"
"353220 NARANDIBA                                                                                           ";"6";"5";"9";"20"
"353230 NATIVIDADE DA SERRA                                                                                 ";"6";"4";"6";"16"
"353240 NAZARE PAULISTA                                                                                     ";"9";"11";"15";"35"
"353250 NEVES PAULISTA                                                                                      ";"11";"18";"13";"42"
"353260 NHANDEARA                                                                                           ";"12";"16";"21";"49"
"353270 NIPOA                                                                                               ";"3";"4";"8";"15"
"353280 NOVA ALIANCA                                                                                        ";"6";"14";"10";"30"
"353282 NOVA CAMPINA                                                                                        ";"2";"10";"5";"17"
"353284 NOVA CANAA PAULISTA                                                                                 ";"3";"5";"8";"16"
"353286 NOVA CASTILHO                                                                                       ";"2";"3";"1";"6"
"353290 NOVA EUROPA                                                                                         ";"10";"13";"10";"33"
"353300 NOVA GRANADA                                                                                        ";"25";"21";"32";"78"
"353310 NOVA GUATAPORANGA                                                                                   ";"2";"3";"5";"10"
"353320 NOVA INDEPENDENCIA                                                                                  ";"3";"3";"11";"17"
"353325 NOVAIS                                                                                              ";"3";"7";"2";"12"
"353330 NOVA LUZITANIA                                                                                      ";"1";"2";"1";"4"
"353340 NOVA ODESSA                                                                                         ";"43";"52";"40";"135"
"353350 NOVO HORIZONTE                                                                                      ";"50";"41";"55";"146"
"353360 NUPORANGA                                                                                           ";"8";"5";"3";"16"
"353370 OCAUCU                                                                                              ";"6";"7";"7";"20"
"353380 OLEO                                                                                                ";"7";"8";"4";"19"
"353390 OLIMPIA                                                                                             ";"52";"49";"54";"155"
"353400 ONDA VERDE                                                                                          ";"3";"5";"12";"20"
"353410 ORIENTE                                                                                             ";"11";"6";"5";"22"
"353420 ORINDIUVA                                                                                           ";"11";"8";"12";"31"
"353430 ORLANDIA                                                                                            ";"37";"41";"33";"111"
"353440 OSASCO                                                                                              ";"459";"446";"466";"1371"
"353450 OSCAR BRESSANE                                                                                      ";"1";"4";"3";"8"
"353460 OSVALDO CRUZ                                                                                        ";"37";"44";"39";"120"
"353470 OURINHOS                                                                                            ";"129";"137";"132";"398"
"353475 OUROESTE                                                                                            ";"17";"16";"24";"57"
"353480 OURO VERDE                                                                                          ";"8";"15";"7";"30"
"353490 PACAEMBU                                                                                            ";"15";"12";"12";"39"
"353500 PALESTINA                                                                                           ";"22";"14";"15";"51"
"353510 PALMARES PAULISTA                                                                                   ";"6";"17";"11";"34"
"353520 PALMEIRA D\'OESTE                                                                                    ";"19";"24";"24";"67"
"353530 PALMITAL                                                                                            ";"28";"31";"24";"83"
"353540 PANORAMA                                                                                            ";"17";"19";"33";"69"
"353550 PARAGUACU PAULISTA                                                                                  ";"41";"60";"46";"147"
"353560 PARAIBUNA                                                                                           ";"16";"12";"10";"38"
"353570 PARAISO                                                                                             ";"4";"13";"12";"29"
"353580 PARANAPANEMA                                                                                        ";"18";"20";"17";"55"
"353590 PARANAPUA                                                                                           ";"3";"5";"8";"16"
"353600 PARAPUA                                                                                             ";"11";"14";"21";"46"
"353610 PARDINHO                                                                                            ";"5";"6";"10";"21"
"353620 PARIQUERA-ACU                                                                                       ";"23";"33";"35";"91"
"353625 PARISI                                                                                              ";"5";"3";"3";"11"
"353630 PATROCINIO PAULISTA                                                                                 ";"14";"15";"14";"43"
"353640 PAULICEIA                                                                                           ";"11";"5";"6";"22"
"353650 PAULINIA                                                                                            ";"59";"97";"81";"237"
"353657 PAULISTANIA                                                                                         ";"1";"3";"1";"5"
"353660 PAULO DE FARIA                                                                                      ";"15";"10";"5";"30"
"353670 PEDERNEIRAS                                                                                         ";"40";"38";"42";"120"
"353680 PEDRA BELA                                                                                          ";"6";"9";"8";"23"
"353690 PEDRANOPOLIS                                                                                        ";"6";"2";"5";"13"
"353700 PEDREGULHO                                                                                          ";"9";"20";"23";"52"
"353710 PEDREIRA                                                                                            ";"36";"45";"38";"119"
"353715 PEDRINHAS PAULISTA                                                                                  ";"6";"5";"5";"16"
"353720 PEDRO DE TOLEDO                                                                                     ";"6";"14";"10";"30"
"353730 PENAPOLIS                                                                                           ";"78";"70";"72";"220"
"353740 PEREIRA BARRETO                                                                                     ";"41";"36";"42";"119"
"353750 PEREIRAS                                                                                            ";"14";"12";"12";"38"
"353760 PERUIBE                                                                                             ";"42";"54";"47";"143"
"353770 PIACATU                                                                                             ";"8";"14";"9";"31"
"353780 PIEDADE                                                                                             ";"42";"43";"42";"127"
"353790 PILAR DO SUL                                                                                        ";"38";"26";"40";"104"
"353800 PINDAMONHANGABA                                                                                     ";"117";"101";"114";"332"
"353810 PINDORAMA                                                                                           ";"17";"18";"17";"52"
"353820 PINHALZINHO                                                                                         ";"15";"16";"13";"44"
"353830 PIQUEROBI                                                                                           ";"5";"3";"3";"11"
"353850 PIQUETE                                                                                             ";"10";"9";"12";"31"
"353860 PIRACAIA                                                                                            ";"19";"31";"22";"72"
"353870 PIRACICABA                                                                                          ";"490";"519";"390";"1399"
"353880 PIRAJU                                                                                              ";"43";"49";"41";"133"
"353890 PIRAJUI                                                                                             ";"32";"21";"26";"79"
"353900 PIRANGI                                                                                             ";"15";"13";"17";"45"
"353910 PIRAPORA DO BOM JESUS                                                                               ";"6";"11";"10";"27"
"353920 PIRAPOZINHO                                                                                         ";"41";"32";"41";"114"
"353930 PIRASSUNUNGA                                                                                        ";"95";"75";"72";"242"
"353940 PIRATININGA                                                                                         ";"22";"18";"14";"54"
"353950 PITANGUEIRAS                                                                                        ";"36";"41";"43";"120"
"353960 PLANALTO                                                                                            ";"2";"5";"8";"15"
"353970 PLATINA                                                                                             ";"3";"4";"3";"10"
"353980 POA                                                                                                 ";"66";"60";"84";"210"
"353990 POLONI                                                                                              ";"10";"13";"7";"30"
"354000 POMPEIA                                                                                             ";"24";"12";"17";"53"
"354010 PONGAI                                                                                              ";"4";"2";"5";"11"
"354020 PONTAL                                                                                              ";"20";"18";"31";"69"
"354025 PONTALINDA                                                                                          ";"5";"10";"14";"29"
"354030 PONTES GESTAL                                                                                       ";"5";"5";"4";"14"
"354040 POPULINA                                                                                            ";"13";"10";"6";"29"
"354050 PORANGABA                                                                                           ";"11";"17";"11";"39"
"354060 PORTO FELIZ                                                                                         ";"41";"31";"38";"110"
"354070 PORTO FERREIRA                                                                                      ";"71";"61";"56";"188"
"354075 POTIM                                                                                               ";"10";"11";"11";"32"
"354080 POTIRENDABA                                                                                         ";"25";"24";"20";"69"
"354085 PRACINHA                                                                                            ";"5";"5";"1";"11"
"354090 PRADOPOLIS                                                                                          ";"16";"16";"12";"44"
"354100 PRAIA GRANDE                                                                                        ";"163";"172";"179";"514"
"354105 PRATANIA                                                                                            ";"8";"3";"9";"20"
"354110 PRESIDENTE ALVES                                                                                    ";"13";"9";"9";"31"
"354120 PRESIDENTE BERNARDES                                                                                ";"16";"12";"10";"38"
"354130 PRESIDENTE EPITACIO                                                                                 ";"49";"41";"39";"129"
"354140 PRESIDENTE PRUDENTE                                                                                 ";"297";"285";"283";"865"
"354150 PRESIDENTE VENCESLAU                                                                                ";"45";"41";"48";"134"
"354160 PROMISSAO                                                                                           ";"37";"37";"39";"113"
"354165 QUADRA                                                                                              ";"5";"1";"0";"6"
"354170 QUATA                                                                                               ";"14";"14";"14";"42"
"354180 QUEIROZ                                                                                             ";"4";"9";"6";"19"
"354190 QUELUZ                                                                                              ";"11";"10";"6";"27"
"354200 QUINTANA                                                                                            ";"5";"7";"7";"19"
"354210 RAFARD                                                                                              ";"7";"7";"10";"24"
"354220 RANCHARIA                                                                                           ";"42";"38";"32";"112"
"354230 REDENCAO DA SERRA                                                                                   ";"1";"8";"1";"10"
"354240 REGENTE FEIJO                                                                                       ";"26";"17";"21";"64"
"354250 REGINOPOLIS                                                                                         ";"15";"9";"8";"32"
"354260 REGISTRO                                                                                            ";"47";"58";"64";"169"
"354270 RESTINGA                                                                                            ";"8";"10";"2";"20"
"354280 RIBEIRA                                                                                             ";"0";"0";"2";"2"
"354290 RIBEIRAO BONITO                                                                                     ";"14";"11";"14";"39"
"354300 RIBEIRAO BRANCO                                                                                     ";"5";"5";"15";"25"
"354310 RIBEIRAO CORRENTE                                                                                   ";"6";"3";"1";"10"
"354320 RIBEIRAO DO SUL                                                                                     ";"7";"6";"6";"19"
"354323 RIBEIRAO DOS INDIOS                                                                                 ";"3";"7";"5";"15"
"354325 RIBEIRAO GRANDE                                                                                     ";"5";"4";"5";"14"
"354330 RIBEIRAO PIRES                                                                                      ";"63";"47";"48";"158"
"354340 RIBEIRAO PRETO                                                                                      ";"700";"723";"737";"2160"
"354350 RIVERSUL                                                                                            ";"6";"4";"6";"16"
"354360 RIFAINA                                                                                             ";"8";"5";"5";"18"
"354370 RINCAO                                                                                              ";"15";"13";"12";"40"
"354380 RINOPOLIS                                                                                           ";"15";"8";"9";"32"
"354390 RIO CLARO                                                                                           ";"213";"202";"184";"599"
"354400 RIO DAS PEDRAS                                                                                      ";"29";"31";"30";"90"
"354410 RIO GRANDE DA SERRA                                                                                 ";"20";"21";"18";"59"
"354420 RIOLANDIA                                                                                           ";"7";"14";"16";"37"
"354425 ROSANA                                                                                              ";"21";"24";"14";"59"
"354430 ROSEIRA                                                                                             ";"7";"9";"9";"25"
"354440 RUBIACEA                                                                                            ";"1";"5";"4";"10"
"354450 RUBINEIA                                                                                            ";"4";"3";"3";"10"
"354460 SABINO                                                                                              ";"6";"5";"3";"14"
"354470 SAGRES                                                                                              ";"4";"3";"1";"8"
"354480 SALES                                                                                               ";"4";"5";"5";"14"
"354490 SALES OLIVEIRA                                                                                      ";"13";"9";"10";"32"
"354500 SALESOPOLIS                                                                                         ";"7";"11";"10";"28"
"354510 SALMOURAO                                                                                           ";"9";"10";"10";"29"
"354515 SALTINHO                                                                                            ";"9";"12";"9";"30"
"354520 SALTO                                                                                               ";"104";"95";"93";"292"
"354530 SALTO DE PIRAPORA                                                                                   ";"36";"30";"32";"98"
"354540 SALTO GRANDE                                                                                        ";"9";"6";"8";"23"
"354550 SANDOVALINA                                                                                         ";"2";"1";"12";"15"
"354560 SANTA ADELIA                                                                                        ";"20";"19";"17";"56"
"354570 SANTA ALBERTINA                                                                                     ";"18";"6";"8";"32"
"354580 SANTA BARBARA D\'OESTE                                                                               ";"155";"174";"162";"491"
"354600 SANTA BRANCA                                                                                        ";"18";"11";"8";"37"
"354610 SANTA CLARA D\'OESTE                                                                                 ";"1";"2";"6";"9"
"354620 SANTA CRUZ DA CONCEICAO                                                                             ";"3";"4";"4";"11"
"354625 SANTA CRUZ DA ESPERANCA                                                                             ";"2";"3";"1";"6"
"354630 SANTA CRUZ DAS PALMEIRAS                                                                            ";"31";"27";"14";"72"
"354640 SANTA CRUZ DO RIO PARDO                                                                             ";"63";"32";"49";"144"
"354650 SANTA ERNESTINA                                                                                     ";"4";"7";"3";"14"
"354660 SANTA FE DO SUL                                                                                     ";"66";"55";"56";"177"
"354670 SANTA GERTRUDES                                                                                     ";"23";"16";"21";"60"
"354680 SANTA ISABEL                                                                                        ";"27";"40";"27";"94"
"354690 SANTA LUCIA                                                                                         ";"8";"7";"13";"28"
"354700 SANTA MARIA DA SERRA                                                                                ";"4";"10";"5";"19"
"354710 SANTA MERCEDES                                                                                      ";"1";"3";"4";"8"
"354720 SANTANA DA PONTE PENSA                                                                              ";"5";"0";"7";"12"
"354730 SANTANA DE PARNAIBA                                                                                 ";"77";"75";"71";"223"
"354740 SANTA RITA D\'OESTE                                                                                  ";"5";"11";"3";"19"
"354750 SANTA RITA DO PASSA QUATRO                                                                          ";"40";"39";"23";"102"
"354760 SANTA ROSA DE VITERBO                                                                               ";"28";"33";"31";"92"
"354765 SANTA SALETE                                                                                        ";"3";"1";"4";"8"
"354770 SANTO ANASTACIO                                                                                     ";"17";"25";"37";"79"
"354780 SANTO ANDRE                                                                                         ";"370";"384";"353";"1107"
"354790 SANTO ANTONIO DA ALEGRIA                                                                            ";"15";"5";"10";"30"
"354800 SANTO ANTONIO DE POSSE                                                                              ";"12";"19";"13";"44"
"354805 SANTO ANTONIO DO ARACANGUA                                                                          ";"15";"19";"16";"50"
"354810 SANTO ANTONIO DO JARDIM                                                                             ";"7";"10";"6";"23"
"354820 SANTO ANTONIO DO PINHAL                                                                             ";"1";"6";"6";"13"
"354830 SANTO EXPEDITO                                                                                      ";"5";"5";"9";"19"
"354840 SANTOPOLIS DO AGUAPEI                                                                               ";"5";"6";"6";"17"
"354850 SANTOS                                                                                              ";"402";"335";"371";"1108"
"354860 SAO BENTO DO SAPUCAI                                                                                ";"8";"6";"8";"22"
"354870 SAO BERNARDO DO CAMPO                                                                               ";"582";"651";"606";"1839"
"354880 SAO CAETANO DO SUL                                                                                  ";"158";"198";"155";"511"
"354890 SAO CARLOS                                                                                          ";"318";"325";"314";"957"
"354900 SAO FRANCISCO                                                                                       ";"3";"2";"9";"14"
"354910 SAO JOAO DA BOA VISTA                                                                               ";"102";"102";"88";"292"
"354920 SAO JOAO DAS DUAS PONTES                                                                            ";"6";"4";"1";"11"
"354925 SAO JOAO DE IRACEMA                                                                                 ";"1";"3";"1";"5"
"354930 SAO JOAO DO PAU D\'ALHO                                                                              ";"1";"3";"4";"8"
"354940 SAO JOAQUIM DA BARRA                                                                                ";"47";"43";"49";"139"
"354950 SAO JOSE DA BELA VISTA                                                                              ";"10";"6";"14";"30"
"354960 SAO JOSE DO BARREIRO                                                                                ";"2";"3";"0";"5"
"354970 SAO JOSE DO RIO PARDO                                                                               ";"54";"88";"57";"199"
"354980 SAO JOSE DO RIO PRETO                                                                               ";"544";"494";"530";"1568"
"354990 SAO JOSE DOS CAMPOS                                                                                 ";"561";"580";"636";"1777"
"354995 SAO LOURENCO DA SERRA                                                                               ";"10";"13";"16";"39"
"355000 SAO LUIS DO PARAITINGA                                                                              ";"7";"15";"5";"27"
"355010 SAO MANUEL                                                                                          ";"58";"65";"56";"179"
"355020 SAO MIGUEL ARCANJO                                                                                  ";"26";"38";"36";"100"
"355030 SAO PAULO                                                                                           ";"9936";"9237";"8758";"27931"
"355040 SAO PEDRO                                                                                           ";"40";"43";"50";"133"
"355050 SAO PEDRO DO TURVO                                                                                  ";"7";"11";"5";"23"
"355060 SAO ROQUE                                                                                           ";"51";"52";"52";"155"
"355070 SAO SEBASTIAO                                                                                       ";"33";"27";"50";"110"
"355080 SAO SEBASTIAO DA GRAMA                                                                              ";"19";"10";"9";"38"
"355090 SAO SIMAO                                                                                           ";"16";"20";"17";"53"
"355100 SAO VICENTE                                                                                         ";"208";"203";"189";"600"
"355110 SARAPUI                                                                                             ";"12";"7";"8";"27"
"355120 SARUTAIA                                                                                            ";"4";"6";"7";"17"
"355130 SEBASTIANOPOLIS DO SUL                                                                              ";"5";"8";"6";"19"
"355140 SERRA AZUL                                                                                          ";"13";"11";"12";"36"
"355150 SERRANA                                                                                             ";"28";"32";"34";"94"
"355160 SERRA NEGRA                                                                                         ";"40";"44";"46";"130"
"355170 SERTAOZINHO                                                                                         ";"130";"88";"105";"323"
"355180 SETE BARRAS                                                                                         ";"11";"11";"12";"34"
"355190 SEVERINIA                                                                                           ";"25";"17";"11";"53"
"355200 SILVEIRAS                                                                                           ";"7";"7";"5";"19"
"355210 SOCORRO                                                                                             ";"70";"86";"43";"199"
"355220 SOROCABA                                                                                            ";"577";"495";"527";"1599"
"355230 SUD MENNUCCI                                                                                        ";"9";"7";"13";"29"
"355240 SUMARE                                                                                              ";"196";"200";"180";"576"
"355250 SUZANO                                                                                              ";"126";"177";"161";"464"
"355255 SUZANAPOLIS                                                                                         ";"7";"4";"4";"15"
"355260 TABAPUA                                                                                             ";"21";"12";"21";"54"
"355270 TABATINGA                                                                                           ";"21";"15";"18";"54"
"355280 TABOAO DA SERRA                                                                                     ";"190";"186";"172";"548"
"355290 TACIBA                                                                                              ";"6";"8";"14";"28"
"355300 TAGUAI                                                                                              ";"12";"10";"11";"33"
"355310 TAIACU                                                                                              ";"3";"5";"7";"15"
"355320 TAIUVA                                                                                              ";"5";"9";"6";"20"
"355330 TAMBAU                                                                                              ";"19";"23";"22";"64"
"355340 TANABI                                                                                              ";"36";"41";"41";"118"
"355350 TAPIRAI                                                                                             ";"12";"8";"9";"29"
"355360 TAPIRATIBA                                                                                          ";"16";"16";"17";"49"
"355365 TAQUARAL                                                                                            ";"4";"1";"1";"6"
"355370 TAQUARITINGA                                                                                        ";"67";"65";"45";"177"
"355380 TAQUARITUBA                                                                                         ";"34";"30";"16";"80"
"355385 TAQUARIVAI                                                                                          ";"1";"3";"2";"6"
"355390 TARABAI                                                                                             ";"3";"6";"8";"17"
"355395 TARUMA                                                                                              ";"14";"19";"9";"42"
"355400 TATUI                                                                                               ";"132";"99";"125";"356"
"355410 TAUBATE                                                                                             ";"175";"177";"235";"587"
"355420 TEJUPA                                                                                              ";"3";"1";"8";"12"
"355430 TEODORO SAMPAIO                                                                                     ";"23";"36";"22";"81"
"355440 TERRA ROXA                                                                                          ";"9";"9";"14";"32"
"355450 TIETE                                                                                               ";"36";"35";"33";"104"
"355460 TIMBURI                                                                                             ";"2";"5";"6";"13"
"355465 TORRE DE PEDRA                                                                                      ";"9";"11";"6";"26"
"355470 TORRINHA                                                                                            ";"9";"22";"13";"44"
"355475 TRABIJU                                                                                             ";"5";"2";"2";"9"
"355480 TREMEMBE                                                                                            ";"16";"22";"17";"55"
"355490 TRES FRONTEIRAS                                                                                     ";"13";"12";"9";"34"
"355495 TUIUTI                                                                                              ";"9";"6";"17";"32"
"355500 TUPA                                                                                                ";"107";"91";"105";"303"
"355510 TUPI PAULISTA                                                                                       ";"25";"24";"26";"75"
"355520 TURIUBA                                                                                             ";"3";"3";"2";"8"
"355530 TURMALINA                                                                                           ";"2";"4";"6";"12"
"355535 UBARANA                                                                                             ";"14";"12";"8";"34"
"355540 UBATUBA                                                                                             ";"55";"44";"63";"162"
"355550 UBIRAJARA                                                                                           ";"6";"5";"6";"17"
"355560 UCHOA                                                                                               ";"11";"20";"9";"40"
"355570 UNIAO PAULISTA                                                                                      ";"2";"2";"2";"6"
"355580 URANIA                                                                                              ";"11";"8";"19";"38"
"355590 URU                                                                                                 ";"1";"2";"1";"4"
"355600 URUPES                                                                                              ";"21";"22";"14";"57"
"355610 VALENTIM GENTIL                                                                                     ";"6";"18";"18";"42"
"355620 VALINHOS                                                                                            ";"71";"82";"76";"229"
"355630 VALPARAISO                                                                                          ";"27";"34";"28";"89"
"355635 VARGEM                                                                                              ";"7";"13";"7";"27"
"355640 VARGEM GRANDE DO SUL                                                                                ";"47";"30";"40";"117"
"355645 VARGEM GRANDE PAULISTA                                                                              ";"30";"24";"41";"95"
"355650 VARZEA PAULISTA                                                                                     ";"57";"54";"58";"169"
"355660 VERA CRUZ                                                                                           ";"23";"14";"11";"48"
"355670 VINHEDO                                                                                             ";"50";"55";"43";"148"
"355680 VIRADOURO                                                                                           ";"27";"14";"15";"56"
"355690 VISTA ALEGRE DO ALTO                                                                                ";"8";"2";"6";"16"
"355695 VITORIA BRASIL                                                                                      ";"7";"0";"9";"16"
"355700 VOTORANTIM                                                                                          ";"72";"75";"76";"223"
"355710 VOTUPORANGA                                                                                         ";"116";"134";"138";"388"
"355715 ZACARIAS                                                                                            ";"2";"9";"4";"15"
"355720 CHAVANTES                                                                                           ";"12";"16";"10";"38"
"355730 ESTIVA GERBI                                                                                        ";"14";"12";"11";"37"
"410010 ABATIA                                                                                              ";"2";"12";"7";"21"
"410020 ADRIANOPOLIS                                                                                        ";"9";"11";"11";"31"
"410030 AGUDOS DO SUL                                                                                       ";"10";"14";"13";"37"
"410040 ALMIRANTE TAMANDARE                                                                                 ";"91";"98";"109";"298"
"410045 ALTAMIRA DO PARANA                                                                                  ";"7";"5";"4";"16"
"410050 ALTONIA                                                                                             ";"38";"23";"32";"93"
"410060 ALTO PARANA                                                                                         ";"9";"18";"15";"42"
"410070 ALTO PIQUIRI                                                                                        ";"23";"14";"8";"45"
"410080 ALVORADA DO SUL                                                                                     ";"10";"8";"11";"29"
"410090 AMAPORA                                                                                             ";"12";"6";"11";"29"
"410100 AMPERE                                                                                              ";"31";"26";"24";"81"
"410105 ANAHY                                                                                               ";"5";"5";"3";"13"
"410110 ANDIRA                                                                                              ";"22";"26";"22";"70"
"410115 ANGULO                                                                                              ";"4";"3";"2";"9"
"410120 ANTONINA                                                                                            ";"27";"28";"21";"76"
"410130 ANTONIO OLINTO                                                                                      ";"12";"17";"12";"41"
"410140 APUCARANA                                                                                           ";"130";"143";"142";"415"
"410150 ARAPONGAS                                                                                           ";"149";"184";"165";"498"
"410160 ARAPOTI                                                                                             ";"23";"28";"28";"79"
"410165 ARAPUA                                                                                              ";"7";"5";"5";"17"
"410170 ARARUNA                                                                                             ";"10";"15";"21";"46"
"410180 ARAUCARIA                                                                                           ";"125";"128";"152";"405"
"410185 ARIRANHA DO IVAI                                                                                    ";"2";"2";"1";"5"
"410190 ASSAI                                                                                               ";"12";"21";"17";"50"
"410200 ASSIS CHATEAUBRIAND                                                                                 ";"53";"48";"69";"170"
"410210 ASTORGA                                                                                             ";"41";"31";"40";"112"
"410220 ATALAIA                                                                                             ";"4";"6";"6";"16"
"410230 BALSA NOVA                                                                                          ";"24";"15";"31";"70"
"410240 BANDEIRANTES                                                                                        ";"41";"38";"33";"112"
"410250 BARBOSA FERRAZ                                                                                      ";"12";"8";"10";"30"
"410260 BARRACAO                                                                                            ";"31";"65";"98";"194"
"410270 BARRA DO JACARE                                                                                     ";"3";"2";"5";"10"
"410275 BELA VISTA DA CAROBA                                                                                ";"11";"12";"11";"34"
"410280 BELA VISTA DO PARAISO                                                                               ";"16";"19";"31";"66"
"410290 BITURUNA                                                                                            ";"9";"7";"15";"31"
"410300 BOA ESPERANCA                                                                                       ";"9";"11";"9";"29"
"410302 BOA ESPERANCA DO IGUACU                                                                             ";"8";"0";"4";"12"
"410304 BOA VENTURA DE SAO ROQUE                                                                            ";"7";"8";"13";"28"
"410305 BOA VISTA DA APARECIDA                                                                              ";"21";"22";"16";"59"
"410310 BOCAIUVA DO SUL                                                                                     ";"1";"9";"9";"19"
"410315 BOM JESUS DO SUL                                                                                    ";"8";"7";"6";"21"
"410320 BOM SUCESSO                                                                                         ";"6";"9";"12";"27"
"410322 BOM SUCESSO DO SUL                                                                                  ";"8";"4";"6";"18"
"410330 BORRAZOPOLIS                                                                                        ";"14";"9";"11";"34"
"410335 BRAGANEY                                                                                            ";"3";"2";"18";"23"
"410337 BRASILANDIA DO SUL                                                                                  ";"6";"5";"2";"13"
"410340 CAFEARA                                                                                             ";"2";"3";"1";"6"
"410345 CAFELANDIA                                                                                          ";"14";"14";"20";"48"
"410347 CAFEZAL DO SUL                                                                                      ";"12";"4";"4";"20"
"410350 CALIFORNIA                                                                                          ";"13";"10";"10";"33"
"410360 CAMBARA                                                                                             ";"33";"28";"27";"88"
"410370 CAMBE                                                                                               ";"129";"127";"153";"409"
"410380 CAMBIRA                                                                                             ";"5";"12";"11";"28"
"410390 CAMPINA DA LAGOA                                                                                    ";"26";"25";"19";"70"
"410395 CAMPINA DO SIMAO                                                                                    ";"2";"4";"5";"11"
"410400 CAMPINA GRANDE DO SUL                                                                               ";"133";"118";"113";"364"
"410405 CAMPO BONITO                                                                                        ";"11";"13";"15";"39"
"410410 CAMPO DO TENENTE                                                                                    ";"7";"11";"6";"24"
"410420 CAMPO LARGO                                                                                         ";"121";"151";"184";"456"
"410425 CAMPO MAGRO                                                                                         ";"20";"18";"22";"60"
"410430 CAMPO MOURAO                                                                                        ";"128";"156";"113";"397"
"410440 CANDIDO DE ABREU                                                                                    ";"11";"17";"21";"49"
"410442 CANDOI                                                                                              ";"13";"12";"16";"41"
"410445 CANTAGALO                                                                                           ";"23";"13";"20";"56"
"410450 CAPANEMA                                                                                            ";"27";"32";"39";"98"
"410460 CAPITAO LEONIDAS MARQUES                                                                            ";"22";"30";"28";"80"
"410465 CARAMBEI                                                                                            ";"16";"17";"18";"51"
"410470 CARLOPOLIS                                                                                          ";"13";"14";"20";"47"
"410480 CASCAVEL                                                                                            ";"588";"594";"537";"1719"
"410490 CASTRO                                                                                              ";"65";"69";"79";"213"
"410500 CATANDUVAS                                                                                          ";"13";"15";"15";"43"
"410510 CENTENARIO DO SUL                                                                                   ";"16";"15";"19";"50"
"410520 CERRO AZUL                                                                                          ";"24";"15";"14";"53"
"410530 CEU AZUL                                                                                            ";"30";"14";"17";"61"
"410540 CHOPINZINHO                                                                                         ";"21";"36";"39";"96"
"410550 CIANORTE                                                                                            ";"91";"109";"92";"292"
"410560 CIDADE GAUCHA                                                                                       ";"7";"8";"15";"30"
"410570 CLEVELANDIA                                                                                         ";"16";"20";"27";"63"
"410580 COLOMBO                                                                                             ";"249";"247";"273";"769"
"410590 COLORADO                                                                                            ";"31";"43";"21";"95"
"410600 CONGONHINHAS                                                                                        ";"4";"6";"9";"19"
"410610 CONSELHEIRO MAIRINCK                                                                                ";"2";"2";"3";"7"
"410620 CONTENDA                                                                                            ";"27";"27";"25";"79"
"410630 CORBELIA                                                                                            ";"19";"33";"35";"87"
"410640 CORNELIO PROCOPIO                                                                                   ";"61";"46";"54";"161"
"410645 CORONEL DOMINGOS SOARES                                                                             ";"3";"5";"9";"17"
"410650 CORONEL VIVIDA                                                                                      ";"32";"40";"43";"115"
"410655 CORUMBATAI DO SUL                                                                                   ";"4";"2";"4";"10"
"410657 CRUZEIRO DO IGUACU                                                                                  ";"8";"2";"8";"18"
"410660 CRUZEIRO DO OESTE                                                                                   ";"35";"26";"31";"92"
"410670 CRUZEIRO DO SUL                                                                                     ";"4";"3";"3";"10"
"410680 CRUZ MACHADO                                                                                        ";"27";"28";"22";"77"
"410685 CRUZMALTINA                                                                                         ";"3";"2";"8";"13"
"410690 CURITIBA                                                                                            ";"1835";"1930";"1884";"5649"
"410700 CURIUVA                                                                                             ";"6";"16";"9";"31"
"410710 DIAMANTE DO NORTE                                                                                   ";"10";"5";"6";"21"
"410712 DIAMANTE DO SUL                                                                                     ";"5";"2";"1";"8"
"410715 DIAMANTE D\'OESTE                                                                                    ";"8";"13";"12";"33"
"410720 DOIS VIZINHOS                                                                                       ";"65";"48";"43";"156"
"410725 DOURADINA                                                                                           ";"5";"9";"10";"24"
"410730 DOUTOR CAMARGO                                                                                      ";"6";"8";"8";"22"
"410740 ENEAS MARQUES                                                                                       ";"13";"10";"10";"33"
"410750 ENGENHEIRO BELTRAO                                                                                  ";"25";"16";"33";"74"
"410752 ESPERANCA NOVA                                                                                      ";"4";"8";"5";"17"
"410753 ENTRE RIOS DO OESTE                                                                                 ";"10";"11";"5";"26"
"410754 ESPIGAO ALTO DO IGUACU                                                                              ";"5";"4";"14";"23"
"410755 FAROL                                                                                               ";"2";"6";"2";"10"
"410760 FAXINAL                                                                                             ";"15";"10";"19";"44"
"410765 FAZENDA RIO GRANDE                                                                                  ";"66";"111";"76";"253"
"410770 FENIX                                                                                               ";"11";"6";"4";"21"
"410773 FERNANDES PINHEIRO                                                                                  ";"6";"6";"9";"21"
"410775 FIGUEIRA                                                                                            ";"11";"10";"7";"28"
"410780 FLORAI                                                                                              ";"8";"9";"10";"27"
"410785 FLOR DA SERRA DO SUL                                                                                ";"3";"9";"9";"21"
"410790 FLORESTA                                                                                            ";"10";"4";"8";"22"
"410800 FLORESTOPOLIS                                                                                       ";"21";"21";"14";"56"
"410810 FLORIDA                                                                                             ";"4";"1";"4";"9"
"410820 FORMOSA DO OESTE                                                                                    ";"15";"13";"22";"50"
"410830 FOZ DO IGUACU                                                                                       ";"336";"376";"362";"1074"
"410832 FRANCISCO ALVES                                                                                     ";"14";"10";"12";"36"
"410840 FRANCISCO BELTRAO                                                                                   ";"99";"133";"171";"403"
"410845 FOZ DO JORDAO                                                                                       ";"7";"5";"7";"19"
"410850 GENERAL CARNEIRO                                                                                    ";"17";"11";"12";"40"
"410855 GODOY MOREIRA                                                                                       ";"3";"4";"6";"13"
"410860 GOIOERE                                                                                             ";"46";"46";"45";"137"
"410865 GOIOXIM                                                                                             ";"3";"5";"4";"12"
"410870 GRANDES RIOS                                                                                        ";"4";"4";"3";"11"
"410880 GUAIRA                                                                                              ";"45";"55";"49";"149"
"410890 GUAIRACA                                                                                            ";"7";"8";"6";"21"
"410895 GUAMIRANGA                                                                                          ";"9";"10";"15";"34"
"410900 GUAPIRAMA                                                                                           ";"3";"5";"11";"19"
"410910 GUAPOREMA                                                                                           ";"3";"2";"0";"5"
"410920 GUARACI                                                                                             ";"13";"8";"12";"33"
"410930 GUARANIACU                                                                                          ";"25";"27";"26";"78"
"410940 GUARAPUAVA                                                                                          ";"228";"243";"212";"683"
"410950 GUARAQUECABA                                                                                        ";"1";"10";"8";"19"
"410960 GUARATUBA                                                                                           ";"38";"43";"42";"123"
"410965 HONORIO SERPA                                                                                       ";"7";"7";"6";"20"
"410970 IBAITI                                                                                              ";"31";"29";"27";"87"
"410975 IBEMA                                                                                               ";"8";"8";"12";"28"
"410980 IBIPORA                                                                                             ";"48";"60";"72";"180"
"410990 ICARAIMA                                                                                            ";"9";"10";"14";"33"
"411000 IGUARACU                                                                                            ";"3";"3";"5";"11"
"411005 IGUATU                                                                                              ";"2";"5";"3";"10"
"411007 IMBAU                                                                                               ";"10";"10";"15";"35"
"411010 IMBITUVA                                                                                            ";"37";"42";"40";"119"
"411020 INACIO MARTINS                                                                                      ";"8";"17";"4";"29"
"411030 INAJA                                                                                               ";"6";"11";"2";"19"
"411040 INDIANOPOLIS                                                                                        ";"1";"9";"11";"21"
"411050 IPIRANGA                                                                                            ";"9";"20";"11";"40"
"411060 IPORA                                                                                               ";"41";"25";"15";"81"
"411065 IRACEMA DO OESTE                                                                                    ";"3";"4";"5";"12"
"411070 IRATI                                                                                               ";"55";"68";"53";"176"
"411080 IRETAMA                                                                                             ";"18";"16";"13";"47"
"411090 ITAGUAJE                                                                                            ";"1";"4";"8";"13"
"411095 ITAIPULANDIA                                                                                        ";"10";"15";"25";"50"
"411100 ITAMBARACA                                                                                          ";"11";"14";"6";"31"
"411110 ITAMBE                                                                                              ";"5";"11";"7";"23"
"411120 ITAPEJARA D\'OESTE                                                                                   ";"12";"21";"12";"45"
"411125 ITAPERUCU                                                                                           ";"22";"22";"22";"66"
"411130 ITAUNA DO SUL                                                                                       ";"4";"5";"5";"14"
"411140 IVAI                                                                                                ";"16";"11";"17";"44"
"411150 IVAIPORA                                                                                            ";"39";"40";"34";"113"
"411155 IVATE                                                                                               ";"8";"10";"12";"30"
"411160 IVATUBA                                                                                             ";"1";"3";"2";"6"
"411170 JABOTI                                                                                              ";"8";"5";"5";"18"
"411180 JACAREZINHO                                                                                         ";"52";"33";"44";"129"
"411190 JAGUAPITA                                                                                           ";"8";"15";"16";"39"
"411200 JAGUARIAIVA                                                                                         ";"20";"28";"24";"72"
"411210 JANDAIA DO SUL                                                                                      ";"32";"31";"31";"94"
"411220 JANIOPOLIS                                                                                          ";"15";"10";"9";"34"
"411230 JAPIRA                                                                                              ";"4";"2";"3";"9"
"411240 JAPURA                                                                                              ";"14";"11";"14";"39"
"411250 JARDIM ALEGRE                                                                                       ";"12";"14";"8";"34"
"411260 JARDIM OLINDA                                                                                       ";"3";"2";"0";"5"
"411270 JATAIZINHO                                                                                          ";"18";"13";"13";"44"
"411275 JESUITAS                                                                                            ";"13";"20";"32";"65"
"411280 JOAQUIM TAVORA                                                                                      ";"10";"7";"15";"32"
"411290 JUNDIAI DO SUL                                                                                      ";"1";"4";"2";"7"
"411295 JURANDA                                                                                             ";"10";"14";"15";"39"
"411300 JUSSARA                                                                                             ";"8";"7";"17";"32"
"411310 KALORE                                                                                              ";"2";"8";"2";"12"
"411320 LAPA                                                                                                ";"47";"63";"64";"174"
"411325 LARANJAL                                                                                            ";"4";"4";"4";"12"
"411330 LARANJEIRAS DO SUL                                                                                  ";"44";"38";"38";"120"
"411340 LEOPOLIS                                                                                            ";"7";"6";"4";"17"
"411342 LIDIANOPOLIS                                                                                        ";"5";"6";"5";"16"
"411345 LINDOESTE                                                                                           ";"12";"19";"11";"42"
"411350 LOANDA                                                                                              ";"26";"21";"17";"64"
"411360 LOBATO                                                                                              ";"7";"8";"8";"23"
"411370 LONDRINA                                                                                            ";"531";"597";"628";"1756"
"411373 LUIZIANA                                                                                            ";"7";"9";"6";"22"
"411375 LUNARDELLI                                                                                          ";"1";"8";"6";"15"
"411380 LUPIONOPOLIS                                                                                        ";"7";"7";"4";"18"
"411390 MALLET                                                                                              ";"21";"22";"12";"55"
"411400 MAMBORE                                                                                             ";"19";"28";"23";"70"
"411410 MANDAGUACU                                                                                          ";"16";"17";"9";"42"
"411420 MANDAGUARI                                                                                          ";"36";"49";"37";"122"
"411430 MANDIRITUBA                                                                                         ";"27";"31";"30";"88"
"411435 MANFRINOPOLIS                                                                                       ";"2";"8";"7";"17"
"411440 MANGUEIRINHA                                                                                        ";"12";"16";"12";"40"
"411450 MANOEL RIBAS                                                                                        ";"15";"15";"9";"39"
"411460 MARECHAL CANDIDO RONDON                                                                             ";"62";"81";"73";"216"
"411470 MARIA HELENA                                                                                        ";"5";"13";"6";"24"
"411480 MARIALVA                                                                                            ";"36";"49";"45";"130"
"411490 MARILANDIA DO SUL                                                                                   ";"14";"13";"15";"42"
"411500 MARILENA                                                                                            ";"8";"19";"13";"40"
"411510 MARILUZ                                                                                             ";"18";"17";"9";"44"
"411520 MARINGA                                                                                             ";"445";"492";"531";"1468"
"411530 MARIOPOLIS                                                                                          ";"7";"10";"6";"23"
"411535 MARIPA                                                                                              ";"14";"10";"16";"40"
"411540 MARMELEIRO                                                                                          ";"13";"23";"19";"55"
"411545 MARQUINHO                                                                                           ";"8";"4";"3";"15"
"411550 MARUMBI                                                                                             ";"4";"6";"9";"19"
"411560 MATELANDIA                                                                                          ";"38";"32";"29";"99"
"411570 MATINHOS                                                                                            ";"33";"41";"47";"121"
"411573 MATO RICO                                                                                           ";"4";"7";"2";"13"
"411575 MAUA DA SERRA                                                                                       ";"6";"11";"7";"24"
"411580 MEDIANEIRA                                                                                          ";"52";"82";"42";"176"
"411585 MERCEDES                                                                                            ";"20";"13";"16";"49"
"411590 MIRADOR                                                                                             ";"2";"7";"3";"12"
"411600 MIRASELVA                                                                                           ";"6";"1";"6";"13"
"411605 MISSAL                                                                                              ";"16";"30";"27";"73"
"411610 MOREIRA SALES                                                                                       ";"16";"24";"21";"61"
"411620 MORRETES                                                                                            ";"24";"20";"17";"61"
"411630 MUNHOZ DE MELO                                                                                      ";"8";"4";"4";"16"
"411640 NOSSA SENHORA DAS GRACAS                                                                            ";"6";"6";"6";"18"
"411650 NOVA ALIANCA DO IVAI                                                                                ";"0";"2";"4";"6"
"411660 NOVA AMERICA DA COLINA                                                                              ";"1";"5";"2";"8"
"411670 NOVA AURORA                                                                                         ";"20";"20";"21";"61"
"411680 NOVA CANTU                                                                                          ";"5";"9";"8";"22"
"411690 NOVA ESPERANCA                                                                                      ";"23";"23";"27";"73"
"411695 NOVA ESPERANCA DO SUDOESTE                                                                          ";"12";"11";"7";"30"
"411700 NOVA FATIMA                                                                                         ";"8";"8";"8";"24"
"411705 NOVA LARANJEIRAS                                                                                    ";"7";"10";"11";"28"
"411710 NOVA LONDRINA                                                                                       ";"10";"14";"11";"35"
"411720 NOVA OLIMPIA                                                                                        ";"3";"11";"8";"22"
"411721 NOVA SANTA BARBARA                                                                                  ";"5";"2";"7";"14"
"411722 NOVA SANTA ROSA                                                                                     ";"15";"10";"23";"48"
"411725 NOVA PRATA DO IGUACU                                                                                ";"13";"28";"18";"59"
"411727 NOVA TEBAS                                                                                          ";"8";"7";"3";"18"
"411729 NOVO ITACOLOMI                                                                                      ";"4";"5";"7";"16"
"411730 ORTIGUEIRA                                                                                          ";"16";"18";"17";"51"
"411740 OURIZONA                                                                                            ";"2";"3";"4";"9"
"411745 OURO VERDE DO OESTE                                                                                 ";"12";"5";"6";"23"
"411750 PAICANDU                                                                                            ";"27";"44";"57";"128"
"411760 PALMAS                                                                                              ";"36";"36";"50";"122"
"411770 PALMEIRA                                                                                            ";"33";"32";"34";"99"
"411780 PALMITAL                                                                                            ";"12";"16";"11";"39"
"411790 PALOTINA                                                                                            ";"42";"55";"46";"143"
"411800 PARAISO DO NORTE                                                                                    ";"10";"17";"15";"42"
"411810 PARANACITY                                                                                          ";"12";"7";"15";"34"
"411820 PARANAGUA                                                                                           ";"115";"146";"129";"390"
"411830 PARANAPOEMA                                                                                         ";"0";"3";"1";"4"
"411840 PARANAVAI                                                                                           ";"100";"110";"92";"302"
"411845 PATO BRAGADO                                                                                        ";"11";"12";"14";"37"
"411850 PATO BRANCO                                                                                         ";"118";"130";"101";"349"
"411860 PAULA FREITAS                                                                                       ";"5";"12";"6";"23"
"411870 PAULO FRONTIN                                                                                       ";"15";"16";"19";"50"
"411880 PEABIRU                                                                                             ";"14";"11";"11";"36"
"411885 PEROBAL                                                                                             ";"11";"13";"9";"33"
"411890 PEROLA                                                                                              ";"15";"15";"29";"59"
"411900 PEROLA D\'OESTE                                                                                      ";"11";"8";"17";"36"
"411910 PIEN                                                                                                ";"19";"24";"17";"60"
"411915 PINHAIS                                                                                             ";"129";"156";"134";"419"
"411920 PINHALAO                                                                                            ";"4";"3";"4";"11"
"411925 PINHAL DE SAO BENTO                                                                                 ";"1";"7";"4";"12"
"411930 PINHAO                                                                                              ";"29";"21";"30";"80"
"411940 PIRAI DO SUL                                                                                        ";"24";"19";"28";"71"
"411950 PIRAQUARA                                                                                           ";"75";"96";"119";"290"
"411960 PITANGA                                                                                             ";"33";"35";"28";"96"
"411965 PITANGUEIRAS                                                                                        ";"6";"5";"6";"17"
"411970 PLANALTINA DO PARANA                                                                                ";"1";"7";"7";"15"
"411980 PLANALTO                                                                                            ";"32";"21";"26";"79"
"411990 PONTA GROSSA                                                                                        ";"342";"355";"355";"1052"
"411995 PONTAL DO PARANA                                                                                    ";"31";"43";"33";"107"
"412000 PORECATU                                                                                            ";"16";"13";"11";"40"
"412010 PORTO AMAZONAS                                                                                      ";"2";"2";"4";"8"
"412015 PORTO BARREIRO                                                                                      ";"8";"12";"6";"26"
"412020 PORTO RICO                                                                                          ";"2";"2";"0";"4"
"412030 PORTO VITORIA                                                                                       ";"3";"6";"3";"12"
"412033 PRADO FERREIRA                                                                                      ";"2";"3";"5";"10"
"412035 PRANCHITA                                                                                           ";"20";"7";"14";"41"
"412040 PRESIDENTE CASTELO BRANCO                                                                           ";"1";"3";"5";"9"
"412050 PRIMEIRO DE MAIO                                                                                    ";"13";"19";"19";"51"
"412060 PRUDENTOPOLIS                                                                                       ";"63";"73";"70";"206"
"412065 QUARTO CENTENARIO                                                                                   ";"12";"12";"2";"26"
"412070 QUATIGUA                                                                                            ";"6";"19";"5";"30"
"412080 QUATRO BARRAS                                                                                       ";"32";"20";"43";"95"
"412085 QUATRO PONTES                                                                                       ";"2";"2";"7";"11"
"412090 QUEDAS DO IGUACU                                                                                    ";"34";"52";"46";"132"
"412100 QUERENCIA DO NORTE                                                                                  ";"13";"19";"7";"39"
"412110 QUINTA DO SOL                                                                                       ";"3";"14";"9";"26"
"412120 QUITANDINHA                                                                                         ";"24";"20";"18";"62"
"412125 RAMILANDIA                                                                                          ";"4";"4";"4";"12"
"412130 RANCHO ALEGRE                                                                                       ";"3";"6";"2";"11"
"412135 RANCHO ALEGRE D\'OESTE                                                                               ";"4";"5";"3";"12"
"412140 REALEZA                                                                                             ";"24";"31";"36";"91"
"412150 REBOUCAS                                                                                            ";"14";"16";"14";"44"
"412160 RENASCENCA                                                                                          ";"3";"9";"9";"21"
"412170 RESERVA                                                                                             ";"17";"27";"23";"67"
"412175 RESERVA DO IGUACU                                                                                   ";"2";"6";"3";"11"
"412180 RIBEIRAO CLARO                                                                                      ";"14";"12";"9";"35"
"412190 RIBEIRAO DO PINHAL                                                                                  ";"12";"12";"9";"33"
"412200 RIO AZUL                                                                                            ";"17";"26";"18";"61"
"412210 RIO BOM                                                                                             ";"1";"12";"7";"20"
"412215 RIO BONITO DO IGUACU                                                                                ";"18";"19";"24";"61"
"412217 RIO BRANCO DO IVAI                                                                                  ";"4";"6";"1";"11"
"412220 RIO BRANCO DO SUL                                                                                   ";"29";"22";"37";"88"
"412230 RIO NEGRO                                                                                           ";"45";"43";"47";"135"
"412240 ROLANDIA                                                                                            ";"72";"63";"75";"210"
"412250 RONCADOR                                                                                            ";"11";"23";"18";"52"
"412260 RONDON                                                                                              ";"11";"7";"9";"27"
"412265 ROSARIO DO IVAI                                                                                     ";"7";"9";"7";"23"
"412270 SABAUDIA                                                                                            ";"11";"16";"12";"39"
"412280 SALGADO FILHO                                                                                       ";"8";"8";"8";"24"
"412290 SALTO DO ITARARE                                                                                    ";"9";"10";"7";"26"
"412300 SALTO DO LONTRA                                                                                     ";"14";"22";"29";"65"
"412310 SANTA AMELIA                                                                                        ";"1";"7";"3";"11"
"412320 SANTA CECILIA DO PAVAO                                                                              ";"2";"6";"6";"14"
"412330 SANTA CRUZ DE MONTE CASTELO                                                                         ";"5";"3";"7";"15"
"412340 SANTA FE                                                                                            ";"10";"15";"19";"44"
"412350 SANTA HELENA                                                                                        ";"43";"53";"34";"130"
"412360 SANTA INES                                                                                          ";"2";"1";"3";"6"
"412370 SANTA ISABEL DO IVAI                                                                                ";"13";"16";"15";"44"
"412380 SANTA IZABEL DO OESTE                                                                               ";"17";"23";"13";"53"
"412382 SANTA LUCIA                                                                                         ";"8";"11";"8";"27"
"412385 SANTA MARIA DO OESTE                                                                                ";"11";"11";"10";"32"
"412390 SANTA MARIANA                                                                                       ";"9";"13";"14";"36"
"412395 SANTA MONICA                                                                                        ";"10";"9";"7";"26"
"412400 SANTANA DO ITARARE                                                                                  ";"4";"2";"9";"15"
"412402 SANTA TEREZA DO OESTE                                                                               ";"20";"13";"26";"59"
"412405 SANTA TEREZINHA DE ITAIPU                                                                           ";"34";"35";"44";"113"
"412410 SANTO ANTONIO DA PLATINA                                                                            ";"59";"42";"42";"143"
"412420 SANTO ANTONIO DO CAIUA                                                                              ";"3";"4";"2";"9"
"412430 SANTO ANTONIO DO PARAISO                                                                            ";"0";"2";"4";"6"
"412440 SANTO ANTONIO DO SUDOESTE                                                                           ";"29";"38";"30";"97"
"412450 SANTO INACIO                                                                                        ";"5";"5";"4";"14"
"412460 SAO CARLOS DO IVAI                                                                                  ";"6";"14";"7";"27"
"412470 SAO JERONIMO DA SERRA                                                                               ";"10";"6";"7";"23"
"412480 SAO JOAO                                                                                            ";"17";"23";"17";"57"
"412490 SAO JOAO DO CAIUA                                                                                   ";"5";"9";"5";"19"
"412500 SAO JOAO DO IVAI                                                                                    ";"16";"9";"15";"40"
"412510 SAO JOAO DO TRIUNFO                                                                                 ";"8";"3";"14";"25"
"412520 SAO JORGE D\'OESTE                                                                                   ";"14";"14";"29";"57"
"412530 SAO JORGE DO IVAI                                                                                   ";"4";"8";"1";"13"
"412535 SAO JORGE DO PATROCINIO                                                                             ";"13";"9";"15";"37"
"412540 SAO JOSE DA BOA VISTA                                                                               ";"5";"3";"6";"14"
"412545 SAO JOSE DAS PALMEIRAS                                                                              ";"12";"4";"9";"25"
"412550 SAO JOSE DOS PINHAIS                                                                                ";"272";"294";"282";"848"
"412555 SAO MANOEL DO PARANA                                                                                ";"1";"5";"6";"12"
"412560 SAO MATEUS DO SUL                                                                                   ";"63";"34";"58";"155"
"412570 SAO MIGUEL DO IGUACU                                                                                ";"41";"53";"45";"139"
"412575 SAO PEDRO DO IGUACU                                                                                 ";"9";"8";"6";"23"
"412580 SAO PEDRO DO IVAI                                                                                   ";"10";"6";"6";"22"
"412590 SAO PEDRO DO PARANA                                                                                 ";"7";"3";"5";"15"
"412600 SAO SEBASTIAO DA AMOREIRA                                                                           ";"11";"5";"9";"25"
"412610 SAO TOME                                                                                            ";"7";"5";"6";"18"
"412620 SAPOPEMA                                                                                            ";"3";"4";"4";"11"
"412625 SARANDI                                                                                             ";"72";"78";"95";"245"
"412627 SAUDADE DO IGUACU                                                                                   ";"6";"9";"2";"17"
"412630 SENGES                                                                                              ";"13";"22";"7";"42"
"412635 SERRANOPOLIS DO IGUACU                                                                              ";"10";"16";"14";"40"
"412640 SERTANEJA                                                                                           ";"5";"7";"14";"26"
"412650 SERTANOPOLIS                                                                                        ";"27";"28";"19";"74"
"412660 SIQUEIRA CAMPOS                                                                                     ";"16";"23";"25";"64"
"412665 SULINA                                                                                              ";"5";"1";"7";"13"
"412667 TAMARANA                                                                                            ";"8";"5";"13";"26"
"412670 TAMBOARA                                                                                            ";"6";"9";"9";"24"
"412680 TAPEJARA                                                                                            ";"12";"19";"21";"52"
"412690 TAPIRA                                                                                              ";"5";"10";"6";"21"
"412700 TEIXEIRA SOARES                                                                                     ";"8";"15";"7";"30"
"412710 TELEMACO BORBA                                                                                      ";"65";"72";"74";"211"
"412720 TERRA BOA                                                                                           ";"25";"35";"22";"82"
"412730 TERRA RICA                                                                                          ";"14";"18";"24";"56"
"412740 TERRA ROXA                                                                                          ";"36";"17";"29";"82"
"412750 TIBAGI                                                                                              ";"21";"18";"16";"55"
"412760 TIJUCAS DO SUL                                                                                      ";"12";"26";"16";"54"
"412770 TOLEDO                                                                                              ";"151";"187";"160";"498"
"412780 TOMAZINA                                                                                            ";"11";"9";"6";"26"
"412785 TRES BARRAS DO PARANA                                                                               ";"18";"18";"19";"55"
"412788 TUNAS DO PARANA                                                                                     ";"2";"12";"6";"20"
"412790 TUNEIRAS DO OESTE                                                                                   ";"17";"19";"11";"47"
"412795 TUPASSI                                                                                             ";"10";"18";"11";"39"
"412796 TURVO                                                                                               ";"13";"10";"9";"32"
"412800 UBIRATA                                                                                             ";"40";"43";"35";"118"
"412810 UMUARAMA                                                                                            ";"153";"161";"190";"504"
"412820 UNIAO DA VITORIA                                                                                    ";"56";"56";"76";"188"
"412830 UNIFLOR                                                                                             ";"3";"6";"1";"10"
"412840 URAI                                                                                                ";"13";"9";"18";"40"
"412850 WENCESLAU BRAZ                                                                                      ";"16";"17";"19";"52"
"412853 VENTANIA                                                                                            ";"10";"7";"13";"30"
"412855 VERA CRUZ DO OESTE                                                                                  ";"12";"21";"12";"45"
"412860 VERE                                                                                                ";"11";"11";"21";"43"
"412862 ALTO PARAISO                                                                                        ";"8";"3";"2";"13"
"412863 DOUTOR ULYSSES                                                                                      ";"1";"2";"3";"6"
"412865 VIRMOND                                                                                             ";"8";"1";"2";"11"
"412870 VITORINO                                                                                            ";"13";"16";"6";"35"
"412880 XAMBRE                                                                                              ";"8";"10";"10";"28"
"420005 ABDON BATISTA                                                                                       ";"2";"3";"4";"9"
"420010 ABELARDO LUZ                                                                                        ";"21";"15";"10";"46"
"420020 AGROLANDIA                                                                                          ";"15";"19";"16";"50"
"420030 AGRONOMICA                                                                                          ";"7";"8";"5";"20"
"420040 AGUA DOCE                                                                                           ";"9";"9";"13";"31"
"420050 AGUAS DE CHAPECO                                                                                    ";"7";"9";"4";"20"
"420055 AGUAS FRIAS                                                                                         ";"4";"3";"2";"9"
"420060 AGUAS MORNAS                                                                                        ";"9";"10";"7";"26"
"420070 ALFREDO WAGNER                                                                                      ";"14";"14";"15";"43"
"420075 ALTO BELA VISTA                                                                                     ";"5";"3";"6";"14"
"420080 ANCHIETA                                                                                            ";"3";"11";"7";"21"
"420090 ANGELINA                                                                                            ";"11";"11";"7";"29"
"420100 ANITA GARIBALDI                                                                                     ";"5";"14";"5";"24"
"420110 ANITAPOLIS                                                                                          ";"9";"3";"7";"19"
"420120 ANTONIO CARLOS                                                                                      ";"14";"11";"6";"31"
"420125 APIUNA                                                                                              ";"7";"13";"24";"44"
"420127 ARABUTA                                                                                             ";"1";"8";"6";"15"
"420130 ARAQUARI                                                                                            ";"21";"21";"27";"69"
"420140 ARARANGUA                                                                                           ";"69";"102";"73";"244"
"420150 ARMAZEM                                                                                             ";"7";"10";"14";"31"
"420160 ARROIO TRINTA                                                                                       ";"7";"7";"4";"18"
"420165 ARVOREDO                                                                                            ";"4";"3";"4";"11"
"420170 ASCURRA                                                                                             ";"9";"9";"10";"28"
"420180 ATALANTA                                                                                            ";"7";"4";"4";"15"
"420190 AURORA                                                                                              ";"8";"7";"13";"28"
"420195 BALNEARIO ARROIO DO SILVA                                                                           ";"20";"18";"26";"64"
"420200 BALNEARIO CAMBORIU                                                                                  ";"107";"122";"123";"352"
"420205 BALNEARIO BARRA DO SUL                                                                              ";"12";"14";"17";"43"
"420207 BALNEARIO GAIVOTA                                                                                   ";"8";"10";"15";"33"
"420208 BANDEIRANTE                                                                                         ";"4";"3";"3";"10"
"420209 BARRA BONITA                                                                                        ";"9";"1";"2";"12"
"420210 BARRA VELHA                                                                                         ";"17";"32";"23";"72"
"420213 BELA VISTA DO TOLDO                                                                                 ";"3";"8";"11";"22"
"420215 BELMONTE                                                                                            ";"4";"1";"1";"6"
"420220 BENEDITO NOVO                                                                                       ";"11";"17";"10";"38"
"420230 BIGUACU                                                                                             ";"107";"83";"86";"276"
"420240 BLUMENAU                                                                                            ";"494";"440";"500";"1434"
"420243 BOCAINA DO SUL                                                                                      ";"2";"4";"6";"12"
"420245 BOMBINHAS                                                                                           ";"16";"16";"14";"46"
"420250 BOM JARDIM DA SERRA                                                                                 ";"1";"1";"1";"3"
"420253 BOM JESUS                                                                                           ";"1";"3";"2";"6"
"420257 BOM JESUS DO OESTE                                                                                  ";"3";"4";"1";"8"
"420260 BOM RETIRO                                                                                          ";"9";"8";"5";"22"
"420270 BOTUVERA                                                                                            ";"7";"10";"5";"22"
"420280 BRACO DO NORTE                                                                                      ";"41";"48";"42";"131"
"420285 BRACO DO TROMBUDO                                                                                   ";"5";"7";"4";"16"
"420287 BRUNOPOLIS                                                                                          ";"4";"3";"10";"17"
"420290 BRUSQUE                                                                                             ";"132";"109";"123";"364"
"420300 CACADOR                                                                                             ";"50";"72";"73";"195"
"420310 CAIBI                                                                                               ";"3";"8";"11";"22"
"420315 CALMON                                                                                              ";"1";"5";"2";"8"
"420320 CAMBORIU                                                                                            ";"55";"61";"68";"184"
"420325 CAPAO ALTO                                                                                          ";"4";"3";"5";"12"
"420330 CAMPO ALEGRE                                                                                        ";"15";"14";"16";"45"
"420340 CAMPO BELO DO SUL                                                                                   ";"7";"8";"10";"25"
"420350 CAMPO ERE                                                                                           ";"15";"9";"16";"40"
"420360 CAMPOS NOVOS                                                                                        ";"36";"32";"36";"104"
"420370 CANELINHA                                                                                           ";"20";"14";"23";"57"
"420380 CANOINHAS                                                                                           ";"53";"75";"67";"195"
"420390 CAPINZAL                                                                                            ";"29";"26";"16";"71"
"420395 CAPIVARI DE BAIXO                                                                                   ";"28";"42";"30";"100"
"420400 CATANDUVAS                                                                                          ";"17";"15";"11";"43"
"420410 CAXAMBU DO SUL                                                                                      ";"8";"9";"7";"24"
"420415 CELSO RAMOS                                                                                         ";"2";"3";"3";"8"
"420417 CERRO NEGRO                                                                                         ";"2";"2";"1";"5"
"420419 CHAPADAO DO LAGEADO                                                                                 ";"3";"2";"3";"8"
"420420 CHAPECO                                                                                             ";"258";"286";"275";"819"
"420425 COCAL DO SUL                                                                                        ";"26";"22";"24";"72"
"420430 CONCORDIA                                                                                           ";"86";"102";"73";"261"
"420435 CORDILHEIRA ALTA                                                                                    ";"5";"5";"6";"16"
"420440 CORONEL FREITAS                                                                                     ";"19";"11";"17";"47"
"420445 CORONEL MARTINS                                                                                     ";"4";"2";"3";"9"
"420450 CORUPA                                                                                              ";"27";"29";"24";"80"
"420455 CORREIA PINTO                                                                                       ";"29";"15";"14";"58"
"420460 CRICIUMA                                                                                            ";"309";"355";"322";"986"
"420470 CUNHA PORA                                                                                          ";"14";"11";"10";"35"
"420475 CUNHATAI                                                                                            ";"3";"7";"2";"12"
"420480 CURITIBANOS                                                                                         ";"39";"43";"46";"128"
"420490 DESCANSO                                                                                            ";"13";"8";"6";"27"
"420500 DIONISIO CERQUEIRA                                                                                  ";"4";"2";"1";"7"
"420510 DONA EMMA                                                                                           ";"2";"7";"2";"11"
"420515 DOUTOR PEDRINHO                                                                                     ";"9";"4";"5";"18"
"420517 ENTRE RIOS                                                                                          ";"4";"2";"8";"14"
"420519 ERMO                                                                                                ";"2";"2";"3";"7"
"420520 ERVAL VELHO                                                                                         ";"8";"14";"10";"32"
"420530 FAXINAL DOS GUEDES                                                                                  ";"8";"11";"10";"29"
"420535 FLOR DO SERTAO                                                                                      ";"1";"6";"5";"12"
"420540 FLORIANOPOLIS                                                                                       ";"671";"606";"643";"1920"
"420543 FORMOSA DO SUL                                                                                      ";"0";"9";"5";"14"
"420545 FORQUILHINHA                                                                                        ";"41";"37";"46";"124"
"420550 FRAIBURGO                                                                                           ";"39";"36";"35";"110"
"420555 FREI ROGERIO                                                                                        ";"1";"0";"2";"3"
"420560 GALVAO                                                                                              ";"3";"3";"7";"13"
"420570 GAROPABA                                                                                            ";"26";"20";"32";"78"
"420580 GARUVA                                                                                              ";"14";"12";"5";"31"
"420590 GASPAR                                                                                              ";"70";"54";"69";"193"
"420600 GOVERNADOR CELSO RAMOS                                                                              ";"30";"34";"26";"90"
"420610 GRAO PARA                                                                                           ";"12";"11";"6";"29"
"420620 GRAVATAL                                                                                            ";"13";"14";"16";"43"
"420630 GUABIRUBA                                                                                           ";"28";"17";"25";"70"
"420640 GUARACIABA                                                                                          ";"16";"8";"2";"26"
"420650 GUARAMIRIM                                                                                          ";"39";"53";"37";"129"
"420660 GUARUJA DO SUL                                                                                      ";"2";"3";"0";"5"
"420665 GUATAMBU                                                                                            ";"7";"3";"6";"16"
"420670 HERVAL D\'OESTE                                                                                      ";"34";"28";"32";"94"
"420675 IBIAM                                                                                               ";"1";"2";"1";"4"
"420680 IBICARE                                                                                             ";"3";"8";"5";"16"
"420690 IBIRAMA                                                                                             ";"11";"19";"29";"59"
"420700 ICARA                                                                                               ";"67";"86";"62";"215"
"420710 ILHOTA                                                                                              ";"5";"11";"5";"21"
"420720 IMARUI                                                                                              ";"15";"10";"8";"33"
"420730 IMBITUBA                                                                                            ";"50";"56";"54";"160"
"420740 IMBUIA                                                                                              ";"8";"5";"7";"20"
"420750 INDAIAL                                                                                             ";"71";"76";"77";"224"
"420757 IOMERE                                                                                              ";"3";"8";"7";"18"
"420760 IPIRA                                                                                               ";"2";"6";"7";"15"
"420765 IPORA DO OESTE                                                                                      ";"8";"12";"4";"24"
"420768 IPUACU                                                                                              ";"7";"6";"7";"20"
"420770 IPUMIRIM                                                                                            ";"8";"11";"5";"24"
"420775 IRACEMINHA                                                                                          ";"7";"4";"8";"19"
"420780 IRANI                                                                                               ";"12";"14";"6";"32"
"420785 IRATI                                                                                               ";"3";"4";"4";"11"
"420790 IRINEOPOLIS                                                                                         ";"34";"15";"17";"66"
"420800 ITA                                                                                                 ";"13";"7";"5";"25"
"420810 ITAIOPOLIS                                                                                          ";"22";"27";"33";"82"
"420820 ITAJAI                                                                                              ";"252";"264";"238";"754"
"420830 ITAPEMA                                                                                             ";"48";"41";"55";"144"
"420840 ITAPIRANGA                                                                                          ";"17";"13";"10";"40"
"420845 ITAPOA                                                                                              ";"19";"13";"16";"48"
"420850 ITUPORANGA                                                                                          ";"21";"19";"25";"65"
"420860 JABORA                                                                                              ";"11";"15";"15";"41"
"420870 JACINTO MACHADO                                                                                     ";"9";"14";"21";"44"
"420880 JAGUARUNA                                                                                           ";"28";"24";"20";"72"
"420890 JARAGUA DO SUL                                                                                      ";"189";"175";"180";"544"
"420895 JARDINOPOLIS                                                                                        ";"1";"4";"2";"7"
"420900 JOACABA                                                                                             ";"33";"59";"49";"141"
"420910 JOINVILLE                                                                                           ";"739";"696";"753";"2188"
"420915 JOSE BOITEUX                                                                                        ";"6";"8";"4";"18"
"420917 JUPIA                                                                                               ";"2";"5";"6";"13"
"420920 LACERDOPOLIS                                                                                        ";"4";"6";"4";"14"
"420930 LAGES                                                                                               ";"207";"241";"251";"699"
"420940 LAGUNA                                                                                              ";"62";"52";"58";"172"
"420945 LAJEADO GRANDE                                                                                      ";"1";"5";"1";"7"
"420950 LAURENTINO                                                                                          ";"10";"13";"11";"34"
"420960 LAURO MULLER                                                                                        ";"20";"23";"28";"71"
"420970 LEBON REGIS                                                                                         ";"10";"9";"5";"24"
"420980 LEOBERTO LEAL                                                                                       ";"7";"7";"2";"16"
"420985 LINDOIA DO SUL                                                                                      ";"8";"6";"10";"24"
"420990 LONTRAS                                                                                             ";"4";"14";"11";"29"
"421000 LUIZ ALVES                                                                                          ";"8";"4";"6";"18"
"421003 LUZERNA                                                                                             ";"12";"10";"13";"35"
"421005 MACIEIRA                                                                                            ";"1";"1";"0";"2"
"421010 MAFRA                                                                                               ";"67";"64";"66";"197"
"421020 MAJOR GERCINO                                                                                       ";"6";"3";"10";"19"
"421030 MAJOR VIEIRA                                                                                        ";"8";"10";"14";"32"
"421040 MARACAJA                                                                                            ";"8";"10";"8";"26"
"421050 MARAVILHA                                                                                           ";"37";"28";"29";"94"
"421055 MAREMA                                                                                              ";"3";"3";"3";"9"
"421060 MASSARANDUBA                                                                                        ";"28";"23";"21";"72"
"421070 MATOS COSTA                                                                                         ";"3";"0";"0";"3"
"421080 MELEIRO                                                                                             ";"15";"15";"17";"47"
"421085 MIRIM DOCE                                                                                          ";"3";"2";"2";"7"
"421090 MODELO                                                                                              ";"11";"3";"6";"20"
"421100 MONDAI                                                                                              ";"14";"8";"4";"26"
"421105 MONTE CARLO                                                                                         ";"8";"10";"9";"27"
"421110 MONTE CASTELO                                                                                       ";"3";"15";"7";"25"
"421120 MORRO DA FUMACA                                                                                     ";"20";"24";"22";"66"
"421125 MORRO GRANDE                                                                                        ";"3";"5";"4";"12"
"421130 NAVEGANTES                                                                                          ";"101";"81";"65";"247"
"421140 NOVA ERECHIM                                                                                        ";"1";"4";"6";"11"
"421145 NOVA ITABERABA                                                                                      ";"5";"5";"6";"16"
"421150 NOVA TRENTO                                                                                         ";"23";"26";"20";"69"
"421160 NOVA VENEZA                                                                                         ";"12";"24";"15";"51"
"421165 NOVO HORIZONTE                                                                                      ";"1";"3";"3";"7"
"421170 ORLEANS                                                                                             ";"29";"37";"40";"106"
"421175 OTACILIO COSTA                                                                                      ";"15";"14";"19";"48"
"421180 OURO                                                                                                ";"8";"11";"11";"30"
"421185 OURO VERDE                                                                                          ";"4";"3";"4";"11"
"421187 PAIAL                                                                                               ";"2";"6";"1";"9"
"421189 PAINEL                                                                                              ";"1";"3";"2";"6"
"421190 PALHOCA                                                                                             ";"232";"185";"213";"630"
"421200 PALMA SOLA                                                                                          ";"6";"8";"7";"21"
"421205 PALMEIRA                                                                                            ";"1";"1";"2";"4"
"421210 PALMITOS                                                                                            ";"28";"20";"23";"71"
"421220 PAPANDUVA                                                                                           ";"20";"12";"29";"61"
"421223 PARAISO                                                                                             ";"4";"3";"3";"10"
"421225 PASSO DE TORRES                                                                                     ";"4";"11";"11";"26"
"421227 PASSOS MAIA                                                                                         ";"2";"6";"1";"9"
"421230 PAULO LOPES                                                                                         ";"16";"15";"9";"40"
"421240 PEDRAS GRANDES                                                                                      ";"7";"5";"9";"21"
"421250 PENHA                                                                                               ";"25";"33";"28";"86"
"421260 PERITIBA                                                                                            ";"5";"14";"5";"24"
"421265 PESCARIA BRAVA                                                                                      ";"2";"3";"2";"7"
"421270 PETROLANDIA                                                                                         ";"10";"6";"8";"24"
"421280 BALNEARIO PICARRAS                                                                                  ";"32";"21";"32";"85"
"421290 PINHALZINHO                                                                                         ";"21";"35";"24";"80"
"421300 PINHEIRO PRETO                                                                                      ";"5";"4";"8";"17"
"421310 PIRATUBA                                                                                            ";"8";"14";"8";"30"
"421315 PLANALTO ALEGRE                                                                                     ";"6";"1";"2";"9"
"421320 POMERODE                                                                                            ";"41";"38";"41";"120"
"421330 PONTE ALTA                                                                                          ";"8";"6";"3";"17"
"421335 PONTE ALTA DO NORTE                                                                                 ";"0";"2";"2";"4"
"421340 PONTE SERRADA                                                                                       ";"14";"13";"8";"35"
"421350 PORTO BELO                                                                                          ";"23";"17";"15";"55"
"421360 PORTO UNIAO                                                                                         ";"38";"45";"44";"127"
"421370 POUSO REDONDO                                                                                       ";"11";"15";"22";"48"
"421380 PRAIA GRANDE                                                                                        ";"13";"8";"8";"29"
"421390 PRESIDENTE CASTELLO BRANCO                                                                          ";"7";"2";"4";"13"
"421400 PRESIDENTE GETULIO                                                                                  ";"18";"10";"15";"43"
"421410 PRESIDENTE NEREU                                                                                    ";"4";"4";"3";"11"
"421415 PRINCESA                                                                                            ";"3";"2";"1";"6"
"421420 QUILOMBO                                                                                            ";"16";"15";"8";"39"
"421430 RANCHO QUEIMADO                                                                                     ";"5";"8";"6";"19"
"421440 RIO DAS ANTAS                                                                                       ";"13";"9";"5";"27"
"421450 RIO DO CAMPO                                                                                        ";"4";"6";"4";"14"
"421460 RIO DO OESTE                                                                                        ";"13";"11";"10";"34"
"421470 RIO DOS CEDROS                                                                                      ";"16";"11";"12";"39"
"421480 RIO DO SUL                                                                                          ";"56";"82";"74";"212"
"421490 RIO FORTUNA                                                                                         ";"12";"6";"10";"28"
"421500 RIO NEGRINHO                                                                                        ";"46";"37";"42";"125"
"421505 RIO RUFINO                                                                                          ";"4";"2";"4";"10"
"421507 RIQUEZA                                                                                             ";"6";"3";"6";"15"
"421510 RODEIO                                                                                              ";"16";"15";"19";"50"
"421520 ROMELANDIA                                                                                          ";"12";"9";"5";"26"
"421530 SALETE                                                                                              ";"4";"15";"6";"25"
"421535 SALTINHO                                                                                            ";"6";"8";"1";"15"
"421540 SALTO VELOSO                                                                                        ";"8";"4";"6";"18"
"421545 SANGAO                                                                                              ";"5";"9";"12";"26"
"421550 SANTA CECILIA                                                                                       ";"13";"14";"13";"40"
"421555 SANTA HELENA                                                                                        ";"3";"3";"1";"7"
"421560 SANTA ROSA DE LIMA                                                                                  ";"4";"1";"2";"7"
"421565 SANTA ROSA DO SUL                                                                                   ";"16";"15";"8";"39"
"421567 SANTA TEREZINHA                                                                                     ";"6";"12";"6";"24"
"421568 SANTA TEREZINHA DO PROGRESSO                                                                        ";"1";"3";"3";"7"
"421569 SANTIAGO DO SUL                                                                                     ";"4";"1";"4";"9"
"421570 SANTO AMARO DA IMPERATRIZ                                                                           ";"40";"25";"34";"99"
"421575 SAO BERNARDINO                                                                                      ";"9";"3";"6";"18"
"421580 SAO BENTO DO SUL                                                                                    ";"107";"94";"78";"279"
"421590 SAO BONIFACIO                                                                                       ";"7";"4";"5";"16"
"421600 SAO CARLOS                                                                                          ";"14";"13";"11";"38"
"421605 SAO CRISTOVAO DO SUL                                                                                ";"4";"7";"6";"17"
"421610 SAO DOMINGOS                                                                                        ";"12";"7";"10";"29"
"421620 SAO FRANCISCO DO SUL                                                                                ";"36";"40";"54";"130"
"421625 SAO JOAO DO OESTE                                                                                   ";"10";"14";"12";"36"
"421630 SAO JOAO BATISTA                                                                                    ";"39";"34";"33";"106"
"421635 SAO JOAO DO ITAPERIU                                                                                ";"3";"1";"3";"7"
"421640 SAO JOAO DO SUL                                                                                     ";"18";"13";"15";"46"
"421650 SAO JOAQUIM                                                                                         ";"23";"22";"27";"72"
"421660 SAO JOSE                                                                                            ";"322";"331";"308";"961"
"421670 SAO JOSE DO CEDRO                                                                                   ";"15";"6";"2";"23"
"421680 SAO JOSE DO CERRITO                                                                                 ";"6";"13";"7";"26"
"421690 SAO LOURENCO DO OESTE                                                                               ";"21";"23";"17";"61"
"421700 SAO LUDGERO                                                                                         ";"20";"15";"8";"43"
"421710 SAO MARTINHO                                                                                        ";"2";"12";"9";"23"
"421715 SAO MIGUEL DA BOA VISTA                                                                             ";"3";"1";"1";"5"
"421720 SAO MIGUEL DO OESTE                                                                                 ";"48";"35";"29";"112"
"421725 SAO PEDRO DE ALCANTARA                                                                              ";"8";"7";"9";"24"
"421730 SAUDADES                                                                                            ";"13";"19";"12";"44"
"421740 SCHROEDER                                                                                           ";"21";"15";"17";"53"
"421750 SEARA                                                                                               ";"23";"20";"22";"65"
"421755 SERRA ALTA                                                                                          ";"3";"7";"6";"16"
"421760 SIDEROPOLIS                                                                                         ";"20";"21";"13";"54"
"421770 SOMBRIO                                                                                             ";"22";"30";"46";"98"
"421775 SUL BRASIL                                                                                          ";"7";"3";"4";"14"
"421780 TAIO                                                                                                ";"15";"17";"24";"56"
"421790 TANGARA                                                                                             ";"12";"6";"10";"28"
"421795 TIGRINHOS                                                                                           ";"5";"1";"2";"8"
"421800 TIJUCAS                                                                                             ";"47";"50";"39";"136"
"421810 TIMBE DO SUL                                                                                        ";"12";"9";"11";"32"
"421820 TIMBO                                                                                               ";"46";"45";"58";"149"
"421825 TIMBO GRANDE                                                                                        ";"6";"7";"5";"18"
"421830 TRES BARRAS                                                                                         ";"15";"19";"22";"56"
"421835 TREVISO                                                                                             ";"8";"4";"7";"19"
"421840 TREZE DE MAIO                                                                                       ";"4";"14";"6";"24"
"421850 TREZE TILIAS                                                                                        ";"9";"13";"5";"27"
"421860 TROMBUDO CENTRAL                                                                                    ";"8";"10";"7";"25"
"421870 TUBARAO                                                                                             ";"157";"159";"126";"442"
"421875 TUNAPOLIS                                                                                           ";"4";"5";"2";"11"
"421880 TURVO                                                                                               ";"24";"14";"18";"56"
"421885 UNIAO DO OESTE                                                                                      ";"2";"4";"6";"12"
"421890 URUBICI                                                                                             ";"9";"5";"10";"24"
"421895 URUPEMA                                                                                             ";"6";"4";"8";"18"
"421900 URUSSANGA                                                                                           ";"30";"35";"33";"98"
"421910 VARGEAO                                                                                             ";"3";"4";"4";"11"
"421915 VARGEM                                                                                              ";"0";"2";"2";"4"
"421917 VARGEM BONITA                                                                                       ";"3";"8";"1";"12"
"421920 VIDAL RAMOS                                                                                         ";"8";"9";"9";"26"
"421930 VIDEIRA                                                                                             ";"46";"45";"61";"152"
"421935 VITOR MEIRELES                                                                                      ";"4";"0";"11";"15"
"421940 WITMARSUM                                                                                           ";"3";"4";"3";"10"
"421950 XANXERE                                                                                             ";"61";"49";"47";"157"
"421960 XAVANTINA                                                                                           ";"6";"6";"8";"20"
"421970 XAXIM                                                                                               ";"28";"39";"25";"92"
"421985 ZORTEA                                                                                              ";"5";"3";"6";"14"
"422000 BALNEARIO RINCAO                                                                                    ";"19";"12";"21";"52"
"430003 ACEGUA                                                                                              ";"3";"1";"5";"9"
"430005 AGUA SANTA                                                                                          ";"6";"6";"3";"15"
"430010 AGUDO                                                                                               ";"29";"10";"9";"48"
"430020 AJURICABA                                                                                           ";"16";"10";"16";"42"
"430030 ALECRIM                                                                                             ";"18";"14";"15";"47"
"430040 ALEGRETE                                                                                            ";"100";"67";"88";"255"
"430045 ALEGRIA                                                                                             ";"10";"13";"7";"30"
"430047 ALMIRANTE TAMANDARE DO SUL                                                                          ";"3";"7";"8";"18"
"430050 ALPESTRE                                                                                            ";"13";"22";"10";"45"
"430055 ALTO ALEGRE                                                                                         ";"0";"1";"6";"7"
"430057 ALTO FELIZ                                                                                          ";"3";"8";"4";"15"
"430060 ALVORADA                                                                                            ";"207";"239";"230";"676"
"430063 AMARAL FERRADOR                                                                                     ";"1";"4";"2";"7"
"430064 AMETISTA DO SUL                                                                                     ";"18";"9";"12";"39"
"430066 ANDRE DA ROCHA                                                                                      ";"1";"1";"1";"3"
"430070 ANTA GORDA                                                                                          ";"8";"14";"7";"29"
"430080 ANTONIO PRADO                                                                                       ";"13";"7";"14";"34"
"430085 ARAMBARE                                                                                            ";"8";"4";"1";"13"
"430087 ARARICA                                                                                             ";"10";"6";"4";"20"
"430090 ARATIBA                                                                                             ";"17";"15";"13";"45"
"430100 ARROIO DO MEIO                                                                                      ";"29";"30";"48";"107"
"430105 ARROIO DO SAL                                                                                       ";"4";"15";"12";"31"
"430107 ARROIO DO PADRE                                                                                     ";"5";"5";"6";"16"
"430110 ARROIO DOS RATOS                                                                                    ";"19";"17";"23";"59"
"430120 ARROIO DO TIGRE                                                                                     ";"18";"12";"11";"41"
"430130 ARROIO GRANDE                                                                                       ";"30";"22";"19";"71"
"430140 ARVOREZINHA                                                                                         ";"15";"12";"16";"43"
"430150 AUGUSTO PESTANA                                                                                     ";"21";"18";"14";"53"
"430155 AUREA                                                                                               ";"10";"9";"4";"23"
"430160 BAGE                                                                                                ";"190";"188";"185";"563"
"430163 BALNEARIO PINHAL                                                                                    ";"10";"14";"12";"36"
"430165 BARAO                                                                                               ";"9";"5";"4";"18"
"430170 BARAO DE COTEGIPE                                                                                   ";"6";"9";"2";"17"
"430175 BARAO DO TRIUNFO                                                                                    ";"11";"8";"9";"28"
"430180 BARRACAO                                                                                            ";"6";"3";"4";"13"
"430185 BARRA DO GUARITA                                                                                    ";"3";"3";"2";"8"
"430187 BARRA DO QUARAI                                                                                     ";"3";"4";"6";"13"
"430190 BARRA DO RIBEIRO                                                                                    ";"18";"12";"12";"42"
"430192 BARRA DO RIO AZUL                                                                                   ";"5";"5";"4";"14"
"430195 BARRA FUNDA                                                                                         ";"5";"0";"9";"14"
"430200 BARROS CASSAL                                                                                       ";"15";"5";"12";"32"
"430205 BENJAMIN CONSTANT DO SUL                                                                            ";"3";"3";"3";"9"
"430210 BENTO GONCALVES                                                                                     ";"156";"141";"160";"457"
"430215 BOA VISTA DAS MISSOES                                                                               ";"4";"4";"4";"12"
"430220 BOA VISTA DO BURICA                                                                                 ";"15";"7";"9";"31"
"430222 BOA VISTA DO CADEADO                                                                                ";"6";"2";"7";"15"
"430223 BOA VISTA DO INCRA                                                                                  ";"6";"2";"4";"12"
"430225 BOA VISTA DO SUL                                                                                    ";"6";"11";"2";"19"
"430230 BOM JESUS                                                                                           ";"19";"11";"10";"40"
"430235 BOM PRINCIPIO                                                                                       ";"10";"22";"16";"48"
"430237 BOM PROGRESSO                                                                                       ";"3";"1";"6";"10"
"430240 BOM RETIRO DO SUL                                                                                   ";"20";"20";"22";"62"
"430245 BOQUEIRAO DO LEAO                                                                                   ";"13";"16";"9";"38"
"430250 BOSSOROCA                                                                                           ";"12";"10";"11";"33"
"430258 BOZANO                                                                                              ";"2";"6";"5";"13"
"430260 BRAGA                                                                                               ";"4";"6";"2";"12"
"430265 BROCHIER                                                                                            ";"8";"4";"1";"13"
"430270 BUTIA                                                                                               ";"31";"23";"24";"78"
"430280 CACAPAVA DO SUL                                                                                     ";"52";"56";"40";"148"
"430290 CACEQUI                                                                                             ";"16";"13";"17";"46"
"430300 CACHOEIRA DO SUL                                                                                    ";"150";"166";"145";"461"
"430310 CACHOEIRINHA                                                                                        ";"161";"172";"156";"489"
"430320 CACIQUE DOBLE                                                                                       ";"16";"7";"12";"35"
"430330 CAIBATE                                                                                             ";"8";"11";"13";"32"
"430340 CAICARA                                                                                             ";"10";"11";"6";"27"
"430350 CAMAQUA                                                                                             ";"67";"80";"86";"233"
"430355 CAMARGO                                                                                             ";"13";"13";"4";"30"
"430360 CAMBARA DO SUL                                                                                      ";"2";"1";"7";"10"
"430367 CAMPESTRE DA SERRA                                                                                  ";"2";"4";"1";"7"
"430370 CAMPINA DAS MISSOES                                                                                 ";"13";"12";"6";"31"
"430380 CAMPINAS DO SUL                                                                                     ";"18";"14";"9";"41"
"430390 CAMPO BOM                                                                                           ";"105";"80";"93";"278"
"430400 CAMPO NOVO                                                                                          ";"1";"4";"4";"9"
"430410 CAMPOS BORGES                                                                                       ";"10";"11";"10";"31"
"430420 CANDELARIA                                                                                          ";"31";"43";"35";"109"
"430430 CANDIDO GODOI                                                                                       ";"10";"7";"13";"30"
"430435 CANDIOTA                                                                                            ";"15";"10";"9";"34"
"430440 CANELA                                                                                              ";"40";"45";"60";"145"
"430450 CANGUCU                                                                                             ";"83";"66";"55";"204"
"430460 CANOAS                                                                                              ";"431";"447";"421";"1299"
"430461 CANUDOS DO VALE                                                                                     ";"3";"0";"1";"4"
"430462 CAPAO BONITO DO SUL                                                                                 ";"3";"6";"5";"14"
"430463 CAPAO DA CANOA                                                                                      ";"46";"51";"70";"167"
"430465 CAPAO DO CIPO                                                                                       ";"6";"4";"2";"12"
"430466 CAPAO DO LEAO                                                                                       ";"27";"36";"33";"96"
"430467 CAPIVARI DO SUL                                                                                     ";"6";"5";"3";"14"
"430468 CAPELA DE SANTANA                                                                                   ";"7";"7";"14";"28"
"430469 CAPITAO                                                                                             ";"11";"11";"4";"26"
"430470 CARAZINHO                                                                                           ";"157";"135";"135";"427"
"430471 CARAA                                                                                               ";"4";"8";"4";"16"
"430480 CARLOS BARBOSA                                                                                      ";"26";"31";"30";"87"
"430485 CARLOS GOMES                                                                                        ";"5";"5";"3";"13"
"430490 CASCA                                                                                               ";"29";"31";"23";"83"
"430495 CASEIROS                                                                                            ";"4";"7";"10";"21"
"430500 CATUIPE                                                                                             ";"26";"19";"13";"58"
"430510 CAXIAS DO SUL                                                                                       ";"407";"452";"538";"1397"
"430511 CENTENARIO                                                                                          ";"16";"4";"9";"29"
"430512 CERRITO                                                                                             ";"9";"15";"13";"37"
"430513 CERRO BRANCO                                                                                        ";"4";"10";"4";"18"
"430515 CERRO GRANDE                                                                                        ";"7";"10";"2";"19"
"430517 CERRO GRANDE DO SUL                                                                                 ";"10";"18";"7";"35"
"430520 CERRO LARGO                                                                                         ";"18";"18";"21";"57"
"430530 CHAPADA                                                                                             ";"13";"10";"15";"38"
"430535 CHARQUEADAS                                                                                         ";"48";"50";"39";"137"
"430537 CHARRUA                                                                                             ";"5";"4";"8";"17"
"430540 CHIAPETTA                                                                                           ";"11";"4";"6";"21"
"430543 CHUI                                                                                                ";"2";"1";"0";"3"
"430544 CHUVISCA                                                                                            ";"6";"5";"11";"22"
"430545 CIDREIRA                                                                                            ";"24";"18";"20";"62"
"430550 CIRIACO                                                                                             ";"11";"16";"5";"32"
"430558 COLINAS                                                                                             ";"7";"7";"10";"24"
"430560 COLORADO                                                                                            ";"9";"3";"4";"16"
"430570 CONDOR                                                                                              ";"11";"13";"8";"32"
"430580 CONSTANTINA                                                                                         ";"17";"7";"13";"37"
"430583 COQUEIRO BAIXO                                                                                      ";"2";"5";"2";"9"
"430585 COQUEIROS DO SUL                                                                                    ";"3";"3";"8";"14"
"430587 CORONEL BARROS                                                                                      ";"8";"3";"4";"15"
"430590 CORONEL BICACO                                                                                      ";"6";"10";"7";"23"
"430593 CORONEL PILAR                                                                                       ";"1";"6";"3";"10"
"430595 COTIPORA                                                                                            ";"6";"2";"6";"14"
"430597 COXILHA                                                                                             ";"9";"5";"2";"16"
"430600 CRISSIUMAL                                                                                          ";"24";"27";"26";"77"
"430605 CRISTAL                                                                                             ";"8";"15";"5";"28"
"430607 CRISTAL DO SUL                                                                                      ";"5";"6";"4";"15"
"430610 CRUZ ALTA                                                                                           ";"105";"83";"78";"266"
"430613 CRUZALTENSE                                                                                         ";"4";"7";"3";"14"
"430620 CRUZEIRO DO SUL                                                                                     ";"16";"19";"17";"52"
"430630 DAVID CANABARRO                                                                                     ";"5";"7";"12";"24"
"430632 DERRUBADAS                                                                                          ";"5";"6";"3";"14"
"430635 DEZESSEIS DE NOVEMBRO                                                                               ";"2";"3";"2";"7"
"430637 DILERMANDO DE AGUIAR                                                                                ";"5";"5";"3";"13"
"430640 DOIS IRMAOS                                                                                         ";"38";"37";"32";"107"
"430642 DOIS IRMAOS DAS MISSOES                                                                             ";"4";"1";"8";"13"
"430645 DOIS LAJEADOS                                                                                       ";"10";"5";"6";"21"
"430650 DOM FELICIANO                                                                                       ";"14";"17";"13";"44"
"430655 DOM PEDRO DE ALCANTARA                                                                              ";"2";"4";"4";"10"
"430660 DOM PEDRITO                                                                                         ";"56";"51";"42";"149"
"430670 DONA FRANCISCA                                                                                      ";"3";"5";"3";"11"
"430673 DOUTOR MAURICIO CARDOSO                                                                             ";"7";"10";"8";"25"
"430675 DOUTOR RICARDO                                                                                      ";"6";"2";"4";"12"
"430676 ELDORADO DO SUL                                                                                     ";"32";"35";"49";"116"
"430680 ENCANTADO                                                                                           ";"33";"33";"37";"103"
"430690 ENCRUZILHADA DO SUL                                                                                 ";"36";"28";"27";"91"
"430692 ENGENHO VELHO                                                                                       ";"4";"2";"2";"8"
"430693 ENTRE-IJUIS                                                                                         ";"29";"13";"9";"51"
"430695 ENTRE RIOS DO SUL                                                                                   ";"9";"7";"0";"16"
"430697 EREBANGO                                                                                            ";"2";"2";"10";"14"
"430700 ERECHIM                                                                                             ";"189";"180";"153";"522"
"430705 ERNESTINA                                                                                           ";"3";"11";"8";"22"
"430710 HERVAL                                                                                              ";"7";"7";"3";"17"
"430720 ERVAL GRANDE                                                                                        ";"9";"7";"12";"28"
"430730 ERVAL SECO                                                                                          ";"17";"9";"10";"36"
"430740 ESMERALDA                                                                                           ";"3";"4";"6";"13"
"430745 ESPERANCA DO SUL                                                                                    ";"14";"6";"7";"27"
"430750 ESPUMOSO                                                                                            ";"33";"27";"29";"89"
"430755 ESTACAO                                                                                             ";"10";"10";"8";"28"
"430760 ESTANCIA VELHA                                                                                      ";"48";"51";"47";"146"
"430770 ESTEIO                                                                                              ";"93";"108";"99";"300"
"430780 ESTRELA                                                                                             ";"37";"40";"37";"114"
"430781 ESTRELA VELHA                                                                                       ";"9";"5";"3";"17"
"430783 EUGENIO DE CASTRO                                                                                   ";"5";"5";"4";"14"
"430786 FAGUNDES VARELA                                                                                     ";"3";"9";"4";"16"
"430790 FARROUPILHA                                                                                         ";"40";"48";"61";"149"
"430800 FAXINAL DO SOTURNO                                                                                  ";"12";"5";"12";"29"
"430805 FAXINALZINHO                                                                                        ";"6";"7";"2";"15"
"430807 FAZENDA VILANOVA                                                                                    ";"4";"0";"5";"9"
"430810 FELIZ                                                                                               ";"5";"10";"15";"30"
"430820 FLORES DA CUNHA                                                                                     ";"15";"22";"23";"60"
"430825 FLORIANO PEIXOTO                                                                                    ";"5";"2";"3";"10"
"430830 FONTOURA XAVIER                                                                                     ";"12";"6";"10";"28"
"430840 FORMIGUEIRO                                                                                         ";"8";"4";"13";"25"
"430843 FORQUETINHA                                                                                         ";"7";"5";"2";"14"
"430845 FORTALEZA DOS VALOS                                                                                 ";"7";"16";"9";"32"
"430850 FREDERICO WESTPHALEN                                                                                ";"42";"39";"30";"111"
"430860 GARIBALDI                                                                                           ";"23";"33";"38";"94"
"430865 GARRUCHOS                                                                                           ";"2";"5";"6";"13"
"430870 GAURAMA                                                                                             ";"14";"11";"10";"35"
"430880 GENERAL CAMARA                                                                                      ";"13";"16";"11";"40"
"430885 GENTIL                                                                                              ";"3";"4";"2";"9"
"430890 GETULIO VARGAS                                                                                      ";"23";"24";"34";"81"
"430900 GIRUA                                                                                               ";"20";"25";"13";"58"
"430905 GLORINHA                                                                                            ";"8";"12";"11";"31"
"430910 GRAMADO                                                                                             ";"41";"47";"50";"138"
"430912 GRAMADO DOS LOUREIROS                                                                               ";"5";"5";"10";"20"
"430915 GRAMADO XAVIER                                                                                      ";"5";"2";"4";"11"
"430920 GRAVATAI                                                                                            ";"291";"260";"279";"830"
"430925 GUABIJU                                                                                             ";"5";"3";"2";"10"
"430930 GUAIBA                                                                                              ";"114";"105";"115";"334"
"430940 GUAPORE                                                                                             ";"33";"42";"13";"88"
"430950 GUARANI DAS MISSOES                                                                                 ";"17";"19";"12";"48"
"430955 HARMONIA                                                                                            ";"3";"4";"6";"13"
"430957 HERVEIRAS                                                                                           ";"1";"4";"7";"12"
"430960 HORIZONTINA                                                                                         ";"27";"26";"30";"83"
"430965 HULHA NEGRA                                                                                         ";"9";"6";"4";"19"
"430970 HUMAITA                                                                                             ";"16";"5";"8";"29"
"430975 IBARAMA                                                                                             ";"7";"4";"4";"15"
"430980 IBIACA                                                                                              ";"20";"9";"10";"39"
"430990 IBIRAIARAS                                                                                          ";"13";"15";"15";"43"
"430995 IBIRAPUITA                                                                                          ";"4";"6";"6";"16"
"431000 IBIRUBA                                                                                             ";"34";"27";"32";"93"
"431010 IGREJINHA                                                                                           ";"31";"33";"45";"109"
"431020 IJUI                                                                                                ";"207";"170";"163";"540"
"431030 ILOPOLIS                                                                                            ";"4";"5";"9";"18"
"431033 IMBE                                                                                                ";"26";"30";"28";"84"
"431036 IMIGRANTE                                                                                           ";"6";"11";"7";"24"
"431040 INDEPENDENCIA                                                                                       ";"11";"10";"12";"33"
"431041 INHACORA                                                                                            ";"0";"5";"5";"10"
"431043 IPE                                                                                                 ";"5";"6";"6";"17"
"431046 IPIRANGA DO SUL                                                                                     ";"5";"5";"1";"11"
"431050 IRAI                                                                                                ";"8";"10";"8";"26"
"431053 ITAARA                                                                                              ";"2";"4";"5";"11"
"431055 ITACURUBI                                                                                           ";"7";"5";"8";"20"
"431057 ITAPUCA                                                                                             ";"0";"3";"4";"7"
"431060 ITAQUI                                                                                              ";"39";"53";"40";"132"
"431065 ITATI                                                                                               ";"7";"6";"5";"18"
"431070 ITATIBA DO SUL                                                                                      ";"6";"8";"7";"21"
"431075 IVORA                                                                                               ";"4";"9";"0";"13"
"431080 IVOTI                                                                                               ";"25";"31";"26";"82"
"431085 JABOTICABA                                                                                          ";"13";"7";"2";"22"
"431087 JACUIZINHO                                                                                          ";"3";"2";"1";"6"
"431090 JACUTINGA                                                                                           ";"4";"7";"14";"25"
"431100 JAGUARAO                                                                                            ";"36";"43";"23";"102"
"431110 JAGUARI                                                                                             ";"21";"18";"14";"53"
"431112 JAQUIRANA                                                                                           ";"1";"3";"7";"11"
"431113 JARI                                                                                                ";"3";"2";"2";"7"
"431115 JOIA                                                                                                ";"12";"21";"12";"45"
"431120 JULIO DE CASTILHOS                                                                                  ";"27";"25";"13";"65"
"431123 LAGOA BONITA DO SUL                                                                                 ";"6";"2";"4";"12"
"431125 LAGOAO                                                                                              ";"3";"6";"5";"14"
"431127 LAGOA DOS TRES CANTOS                                                                               ";"12";"3";"4";"19"
"431130 LAGOA VERMELHA                                                                                      ";"62";"47";"53";"162"
"431140 LAJEADO                                                                                             ";"124";"118";"118";"360"
"431142 LAJEADO DO BUGRE                                                                                    ";"0";"2";"3";"5"
"431150 LAVRAS DO SUL                                                                                       ";"7";"8";"5";"20"
"431160 LIBERATO SALZANO                                                                                    ";"6";"6";"8";"20"
"431162 LINDOLFO COLLOR                                                                                     ";"3";"5";"9";"17"
"431164 LINHA NOVA                                                                                          ";"3";"3";"6";"12"
"431170 MACHADINHO                                                                                          ";"5";"9";"9";"23"
"431171 MACAMBARA                                                                                           ";"5";"4";"7";"16"
"431173 MAMPITUBA                                                                                           ";"3";"1";"0";"4"
"431175 MANOEL VIANA                                                                                        ";"13";"6";"5";"24"
"431177 MAQUINE                                                                                             ";"9";"11";"8";"28"
"431179 MARATA                                                                                              ";"4";"3";"5";"12"
"431180 MARAU                                                                                               ";"70";"58";"70";"198"
"431190 MARCELINO RAMOS                                                                                     ";"6";"12";"13";"31"
"431198 MARIANA PIMENTEL                                                                                    ";"3";"6";"14";"23"
"431200 MARIANO MORO                                                                                        ";"5";"7";"7";"19"
"431205 MARQUES DE SOUZA                                                                                    ";"8";"6";"7";"21"
"431210 MATA                                                                                                ";"5";"7";"2";"14"
"431213 MATO CASTELHANO                                                                                     ";"5";"4";"5";"14"
"431215 MATO LEITAO                                                                                         ";"13";"7";"11";"31"
"431217 MATO QUEIMADO                                                                                       ";"5";"3";"4";"12"
"431220 MAXIMILIANO DE ALMEIDA                                                                              ";"7";"5";"1";"13"
"431225 MINAS DO LEAO                                                                                       ";"14";"9";"17";"40"
"431230 MIRAGUAI                                                                                            ";"14";"4";"2";"20"
"431235 MONTAURI                                                                                            ";"10";"3";"5";"18"
"431237 MONTE ALEGRE DOS CAMPOS                                                                             ";"1";"10";"2";"13"
"431238 MONTE BELO DO SUL                                                                                   ";"4";"6";"3";"13"
"431240 MONTENEGRO                                                                                          ";"60";"51";"48";"159"
"431242 MORMACO                                                                                             ";"8";"6";"4";"18"
"431244 MORRINHOS DO SUL                                                                                    ";"1";"8";"4";"13"
"431245 MORRO REDONDO                                                                                       ";"10";"10";"14";"34"
"431247 MORRO REUTER                                                                                        ";"17";"12";"6";"35"
"431250 MOSTARDAS                                                                                           ";"19";"13";"10";"42"
"431260 MUCUM                                                                                               ";"10";"12";"7";"29"
"431261 MUITOS CAPOES                                                                                       ";"1";"2";"0";"3"
"431262 MULITERNO                                                                                           ";"5";"3";"4";"12"
"431265 NAO-ME-TOQUE                                                                                        ";"36";"34";"30";"100"
"431267 NICOLAU VERGUEIRO                                                                                   ";"7";"5";"4";"16"
"431270 NONOAI                                                                                              ";"14";"18";"10";"42"
"431275 NOVA ALVORADA                                                                                       ";"4";"11";"4";"19"
"431280 NOVA ARACA                                                                                          ";"11";"12";"4";"27"
"431290 NOVA BASSANO                                                                                        ";"20";"11";"9";"40"
"431295 NOVA BOA VISTA                                                                                      ";"7";"3";"5";"15"
"431300 NOVA BRESCIA                                                                                        ";"6";"11";"4";"21"
"431301 NOVA CANDELARIA                                                                                     ";"6";"8";"4";"18"
"431303 NOVA ESPERANCA DO SUL                                                                               ";"6";"8";"5";"19"
"431306 NOVA HARTZ                                                                                          ";"21";"25";"26";"72"
"431308 NOVA PADUA                                                                                          ";"0";"1";"2";"3"
"431310 NOVA PALMA                                                                                          ";"9";"9";"9";"27"
"431320 NOVA PETROPOLIS                                                                                     ";"18";"27";"26";"71"
"431330 NOVA PRATA                                                                                          ";"53";"28";"38";"119"
"431333 NOVA RAMADA                                                                                         ";"6";"3";"5";"14"
"431335 NOVA ROMA DO SUL                                                                                    ";"3";"3";"2";"8"
"431337 NOVA SANTA RITA                                                                                     ";"9";"22";"19";"50"
"431339 NOVO CABRAIS                                                                                        ";"9";"10";"4";"23"
"431340 NOVO HAMBURGO                                                                                       ";"325";"304";"350";"979"
"431342 NOVO MACHADO                                                                                        ";"9";"10";"8";"27"
"431344 NOVO TIRADENTES                                                                                     ";"6";"6";"3";"15"
"431346 NOVO XINGU                                                                                          ";"2";"5";"2";"9"
"431349 NOVO BARREIRO                                                                                       ";"4";"5";"4";"13"
"431350 OSORIO                                                                                              ";"53";"64";"58";"175"
"431360 PAIM FILHO                                                                                          ";"5";"9";"9";"23"
"431365 PALMARES DO SUL                                                                                     ";"18";"12";"13";"43"
"431370 PALMEIRA DAS MISSOES                                                                                ";"52";"48";"37";"137"
"431380 PALMITINHO                                                                                          ";"6";"13";"10";"29"
"431390 PANAMBI                                                                                             ";"64";"49";"60";"173"
"431395 PANTANO GRANDE                                                                                      ";"22";"12";"22";"56"
"431400 PARAI                                                                                               ";"10";"7";"6";"23"
"431402 PARAISO DO SUL                                                                                      ";"15";"10";"18";"43"
"431403 PARECI NOVO                                                                                         ";"5";"4";"5";"14"
"431405 PAROBE                                                                                              ";"53";"39";"55";"147"
"431406 PASSA SETE                                                                                          ";"4";"12";"6";"22"
"431407 PASSO DO SOBRADO                                                                                    ";"7";"14";"8";"29"
"431410 PASSO FUNDO                                                                                         ";"441";"411";"408";"1260"
"431413 PAULO BENTO                                                                                         ";"5";"12";"5";"22"
"431415 PAVERAMA                                                                                            ";"16";"11";"7";"34"
"431417 PEDRAS ALTAS                                                                                        ";"2";"4";"2";"8"
"431420 PEDRO OSORIO                                                                                        ";"14";"10";"10";"34"
"431430 PEJUCARA                                                                                            ";"5";"10";"6";"21"
"431440 PELOTAS                                                                                             ";"626";"691";"640";"1957"
"431442 PICADA CAFE                                                                                         ";"5";"6";"10";"21"
"431445 PINHAL                                                                                              ";"5";"5";"3";"13"
"431446 PINHAL DA SERRA                                                                                     ";"0";"0";"10";"10"
"431447 PINHAL GRANDE                                                                                       ";"8";"9";"6";"23"
"431449 PINHEIRINHO DO VALE                                                                                 ";"5";"6";"5";"16"
"431450 PINHEIRO MACHADO                                                                                    ";"23";"12";"11";"46"
"431454 PINTO BANDEIRA                                                                                      ";"1";"3";"2";"6"
"431455 PIRAPO                                                                                              ";"2";"1";"7";"10"
"431460 PIRATINI                                                                                            ";"28";"21";"15";"64"
"431470 PLANALTO                                                                                            ";"11";"10";"12";"33"
"431475 POCO DAS ANTAS                                                                                      ";"5";"5";"6";"16"
"431477 PONTAO                                                                                              ";"4";"10";"10";"24"
"431478 PONTE PRETA                                                                                         ";"3";"4";"0";"7"
"431480 PORTAO                                                                                              ";"34";"34";"33";"101"
"431490 PORTO ALEGRE                                                                                        ";"2224";"2279";"2261";"6764"
"431500 PORTO LUCENA                                                                                        ";"10";"9";"3";"22"
"431505 PORTO MAUA                                                                                          ";"3";"6";"3";"12"
"431507 PORTO VERA CRUZ                                                                                     ";"2";"5";"4";"11"
"431510 PORTO XAVIER                                                                                        ";"18";"10";"10";"38"
"431513 POUSO NOVO                                                                                          ";"4";"2";"2";"8"
"431514 PRESIDENTE LUCENA                                                                                   ";"6";"6";"2";"14"
"431515 PROGRESSO                                                                                           ";"15";"12";"5";"32"
"431517 PROTASIO ALVES                                                                                      ";"5";"2";"7";"14"
"431520 PUTINGA                                                                                             ";"9";"9";"6";"24"
"431530 QUARAI                                                                                              ";"38";"27";"29";"94"
"431531 QUATRO IRMAOS                                                                                       ";"5";"1";"2";"8"
"431532 QUEVEDOS                                                                                            ";"4";"2";"3";"9"
"431535 QUINZE DE NOVEMBRO                                                                                  ";"8";"10";"7";"25"
"431540 REDENTORA                                                                                           ";"10";"6";"9";"25"
"431545 RELVADO                                                                                             ";"3";"1";"4";"8"
"431550 RESTINGA SECA                                                                                       ";"18";"24";"20";"62"
"431555 RIO DOS INDIOS                                                                                      ";"7";"5";"5";"17"
"431560 RIO GRANDE                                                                                          ";"365";"312";"358";"1035"
"431570 RIO PARDO                                                                                           ";"64";"62";"46";"172"
"431575 RIOZINHO                                                                                            ";"6";"3";"1";"10"
"431580 ROCA SALES                                                                                          ";"19";"11";"14";"44"
"431590 RODEIO BONITO                                                                                       ";"10";"13";"27";"50"
"431595 ROLADOR                                                                                             ";"8";"2";"7";"17"
"431600 ROLANTE                                                                                             ";"26";"24";"29";"79"
"431610 RONDA ALTA                                                                                          ";"11";"12";"7";"30"
"431620 RONDINHA                                                                                            ";"9";"13";"10";"32"
"431630 ROQUE GONZALES                                                                                      ";"15";"8";"13";"36"
"431640 ROSARIO DO SUL                                                                                      ";"39";"32";"39";"110"
"431642 SAGRADA FAMILIA                                                                                     ";"4";"2";"0";"6"
"431643 SALDANHA MARINHO                                                                                    ";"2";"4";"4";"10"
"431645 SALTO DO JACUI                                                                                      ";"11";"4";"4";"19"
"431647 SALVADOR DAS MISSOES                                                                                ";"2";"5";"6";"13"
"431650 SALVADOR DO SUL                                                                                     ";"8";"12";"11";"31"
"431660 SANANDUVA                                                                                           ";"38";"39";"34";"111"
"431670 SANTA BARBARA DO SUL                                                                                ";"11";"3";"10";"24"
"431673 SANTA CECILIA DO SUL                                                                                ";"3";"2";"4";"9"
"431675 SANTA CLARA DO SUL                                                                                  ";"17";"15";"10";"42"
"431680 SANTA CRUZ DO SUL                                                                                   ";"194";"257";"230";"681"
"431690 SANTA MARIA                                                                                         ";"377";"351";"336";"1064"
"431695 SANTA MARIA DO HERVAL                                                                               ";"4";"8";"13";"25"
"431697 SANTA MARGARIDA DO SUL                                                                              ";"2";"3";"3";"8"
"431700 SANTANA DA BOA VISTA                                                                                ";"6";"14";"6";"26"
"431710 SANT\'ANA DO LIVRAMENTO                                                                              ";"68";"60";"63";"191"
"431720 SANTA ROSA                                                                                          ";"116";"127";"120";"363"
"431725 SANTA TEREZA                                                                                        ";"1";"2";"4";"7"
"431730 SANTA VITORIA DO PALMAR                                                                             ";"27";"25";"26";"78"
"431740 SANTIAGO                                                                                            ";"57";"50";"59";"166"
"431750 SANTO ANGELO                                                                                        ";"85";"111";"96";"292"
"431755 SANTO ANTONIO DO PALMA                                                                              ";"4";"8";"5";"17"
"431760 SANTO ANTONIO DA PATRULHA                                                                           ";"51";"43";"54";"148"
"431770 SANTO ANTONIO DAS MISSOES                                                                           ";"18";"17";"19";"54"
"431775 SANTO ANTONIO DO PLANALTO                                                                           ";"5";"2";"4";"11"
"431780 SANTO AUGUSTO                                                                                       ";"27";"19";"19";"65"
"431790 SANTO CRISTO                                                                                        ";"31";"18";"32";"81"
"431795 SANTO EXPEDITO DO SUL                                                                               ";"9";"4";"6";"19"
"431800 SAO BORJA                                                                                           ";"82";"78";"72";"232"
"431805 SAO DOMINGOS DO SUL                                                                                 ";"6";"6";"10";"22"
"431810 SAO FRANCISCO DE ASSIS                                                                              ";"25";"24";"29";"78"
"431820 SAO FRANCISCO DE PAULA                                                                              ";"10";"8";"16";"34"
"431830 SAO GABRIEL                                                                                         ";"74";"71";"55";"200"
"431840 SAO JERONIMO                                                                                        ";"14";"19";"30";"63"
"431842 SAO JOAO DA URTIGA                                                                                  ";"8";"8";"10";"26"
"431843 SAO JOAO DO POLESINE                                                                                ";"5";"5";"5";"15"
"431844 SAO JORGE                                                                                           ";"5";"4";"9";"18"
"431845 SAO JOSE DAS MISSOES                                                                                ";"1";"3";"2";"6"
"431846 SAO JOSE DO HERVAL                                                                                  ";"2";"2";"4";"8"
"431848 SAO JOSE DO HORTENCIO                                                                               ";"5";"6";"9";"20"
"431849 SAO JOSE DO INHACORA                                                                                ";"3";"5";"6";"14"
"431850 SAO JOSE DO NORTE                                                                                   ";"28";"25";"28";"81"
"431860 SAO JOSE DO OURO                                                                                    ";"9";"14";"8";"31"
"431861 SAO JOSE DO SUL                                                                                     ";"3";"3";"1";"7"
"431862 SAO JOSE DOS AUSENTES                                                                               ";"3";"5";"1";"9"
"431870 SAO LEOPOLDO                                                                                        ";"255";"256";"179";"690"
"431880 SAO LOURENCO DO SUL                                                                                 ";"53";"62";"57";"172"
"431890 SAO LUIZ GONZAGA                                                                                    ";"50";"43";"57";"150"
"431900 SAO MARCOS                                                                                          ";"14";"15";"17";"46"
"431910 SAO MARTINHO                                                                                        ";"9";"9";"13";"31"
"431912 SAO MARTINHO DA SERRA                                                                               ";"4";"4";"2";"10"
"431915 SAO MIGUEL DAS MISSOES                                                                              ";"8";"10";"7";"25"
"431920 SAO NICOLAU                                                                                         ";"4";"13";"14";"31"
"431930 SAO PAULO DAS MISSOES                                                                               ";"12";"11";"8";"31"
"431935 SAO PEDRO DA SERRA                                                                                  ";"4";"7";"7";"18"
"431936 SAO PEDRO DAS MISSOES                                                                               ";"5";"1";"5";"11"
"431937 SAO PEDRO DO BUTIA                                                                                  ";"6";"10";"7";"23"
"431940 SAO PEDRO DO SUL                                                                                    ";"23";"21";"24";"68"
"431950 SAO SEBASTIAO DO CAI                                                                                ";"30";"33";"28";"91"
"431960 SAO SEPE                                                                                            ";"42";"32";"25";"99"
"431970 SAO VALENTIM                                                                                        ";"9";"17";"9";"35"
"431971 SAO VALENTIM DO SUL                                                                                 ";"5";"4";"6";"15"
"431973 SAO VALERIO DO SUL                                                                                  ";"2";"2";"5";"9"
"431975 SAO VENDELINO                                                                                       ";"5";"2";"5";"12"
"431980 SAO VICENTE DO SUL                                                                                  ";"17";"10";"9";"36"
"431990 SAPIRANGA                                                                                           ";"83";"71";"100";"254"
"432000 SAPUCAIA DO SUL                                                                                     ";"179";"158";"173";"510"
"432010 SARANDI                                                                                             ";"29";"20";"28";"77"
"432020 SEBERI                                                                                              ";"21";"14";"18";"53"
"432023 SEDE NOVA                                                                                           ";"2";"1";"5";"8"
"432026 SEGREDO                                                                                             ";"6";"8";"7";"21"
"432030 SELBACH                                                                                             ";"6";"5";"7";"18"
"432032 SENADOR SALGADO FILHO                                                                               ";"7";"6";"5";"18"
"432035 SENTINELA DO SUL                                                                                    ";"5";"5";"2";"12"
"432040 SERAFINA CORREA                                                                                     ";"29";"29";"34";"92"
"432045 SERIO                                                                                               ";"4";"3";"2";"9"
"432050 SERTAO                                                                                              ";"9";"10";"9";"28"
"432055 SERTAO SANTANA                                                                                      ";"3";"9";"8";"20"
"432057 SETE DE SETEMBRO                                                                                    ";"2";"4";"3";"9"
"432060 SEVERIANO DE ALMEIDA                                                                                ";"6";"8";"10";"24"
"432065 SILVEIRA MARTINS                                                                                    ";"6";"9";"5";"20"
"432067 SINIMBU                                                                                             ";"18";"12";"10";"40"
"432070 SOBRADINHO                                                                                          ";"16";"18";"19";"53"
"432080 SOLEDADE                                                                                            ";"34";"31";"35";"100"
"432085 TABAI                                                                                               ";"1";"2";"5";"8"
"432090 TAPEJARA                                                                                            ";"42";"39";"42";"123"
"432100 TAPERA                                                                                              ";"14";"22";"20";"56"
"432110 TAPES                                                                                               ";"19";"17";"19";"55"
"432120 TAQUARA                                                                                             ";"53";"63";"73";"189"
"432130 TAQUARI                                                                                             ";"31";"28";"30";"89"
"432132 TAQUARUCU DO SUL                                                                                    ";"8";"5";"7";"20"
"432135 TAVARES                                                                                             ";"7";"9";"4";"20"
"432140 TENENTE PORTELA                                                                                     ";"23";"25";"14";"62"
"432143 TERRA DE AREIA                                                                                      ";"9";"12";"9";"30"
"432145 TEUTONIA                                                                                            ";"34";"38";"42";"114"
"432146 TIO HUGO                                                                                            ";"8";"9";"4";"21"
"432147 TIRADENTES DO SUL                                                                                   ";"11";"12";"12";"35"
"432149 TOROPI                                                                                              ";"5";"5";"1";"11"
"432150 TORRES                                                                                              ";"27";"51";"48";"126"
"432160 TRAMANDAI                                                                                           ";"48";"55";"50";"153"
"432162 TRAVESSEIRO                                                                                         ";"5";"6";"9";"20"
"432163 TRES ARROIOS                                                                                        ";"3";"10";"5";"18"
"432166 TRES CACHOEIRAS                                                                                     ";"21";"16";"10";"47"
"432170 TRES COROAS                                                                                         ";"34";"18";"33";"85"
"432180 TRES DE MAIO                                                                                        ";"29";"33";"27";"89"
"432183 TRES FORQUILHAS                                                                                     ";"6";"9";"7";"22"
"432185 TRES PALMEIRAS                                                                                      ";"11";"10";"4";"25"
"432190 TRES PASSOS                                                                                         ";"33";"45";"36";"114"
"432195 TRINDADE DO SUL                                                                                     ";"7";"6";"10";"23"
"432200 TRIUNFO                                                                                             ";"36";"32";"35";"103"
"432210 TUCUNDUVA                                                                                           ";"8";"15";"10";"33"
"432215 TUNAS                                                                                               ";"2";"3";"6";"11"
"432218 TUPANCI DO SUL                                                                                      ";"6";"3";"0";"9"
"432220 TUPANCIRETA                                                                                         ";"18";"18";"36";"72"
"432225 TUPANDI                                                                                             ";"7";"9";"3";"19"
"432230 TUPARENDI                                                                                           ";"14";"15";"14";"43"
"432232 TURUCU                                                                                              ";"3";"4";"6";"13"
"432234 UBIRETAMA                                                                                           ";"9";"3";"4";"16"
"432235 UNIAO DA SERRA                                                                                      ";"1";"3";"2";"6"
"432237 UNISTALDA                                                                                           ";"2";"3";"7";"12"
"432240 URUGUAIANA                                                                                          ";"189";"198";"156";"543"
"432250 VACARIA                                                                                             ";"74";"61";"67";"202"
"432252 VALE VERDE                                                                                          ";"4";"8";"2";"14"
"432253 VALE DO SOL                                                                                         ";"11";"19";"20";"50"
"432254 VALE REAL                                                                                           ";"5";"8";"6";"19"
"432255 VANINI                                                                                              ";"0";"4";"3";"7"
"432260 VENANCIO AIRES                                                                                      ";"132";"134";"96";"362"
"432270 VERA CRUZ                                                                                           ";"47";"51";"35";"133"
"432280 VERANOPOLIS                                                                                         ";"33";"29";"22";"84"
"432285 VESPASIANO CORREA                                                                                   ";"7";"0";"8";"15"
"432290 VIADUTOS                                                                                            ";"12";"9";"12";"33"
"432300 VIAMAO                                                                                              ";"244";"234";"288";"766"
"432310 VICENTE DUTRA                                                                                       ";"10";"6";"8";"24"
"432320 VICTOR GRAEFF                                                                                       ";"10";"11";"9";"30"
"432330 VILA FLORES                                                                                         ";"6";"5";"2";"13"
"432335 VILA LANGARO                                                                                        ";"6";"9";"6";"21"
"432340 VILA MARIA                                                                                          ";"13";"8";"10";"31"
"432345 VILA NOVA DO SUL                                                                                    ";"6";"9";"7";"22"
"432350 VISTA ALEGRE                                                                                        ";"4";"8";"5";"17"
"432360 VISTA ALEGRE DO PRATA                                                                               ";"4";"3";"1";"8"
"432370 VISTA GAUCHA                                                                                        ";"1";"6";"6";"13"
"432375 VITORIA DAS MISSOES                                                                                 ";"4";"5";"9";"18"
"432377 WESTFALIA                                                                                           ";"11";"8";"9";"28"
"432380 XANGRI-LA                                                                                           ";"11";"9";"9";"29"
"500020 AGUA CLARA                                                                                          ";"7";"5";"8";"20"
"500025 ALCINOPOLIS                                                                                         ";"2";"3";"0";"5"
"500060 AMAMBAI                                                                                             ";"27";"27";"36";"90"
"500070 ANASTACIO                                                                                           ";"7";"12";"14";"33"
"500080 ANAURILANDIA                                                                                        ";"2";"0";"10";"12"
"500085 ANGELICA                                                                                            ";"10";"14";"7";"31"
"500090 ANTONIO JOAO                                                                                        ";"5";"3";"4";"12"
"500100 APARECIDA DO TABOADO                                                                                ";"26";"11";"22";"59"
"500110 AQUIDAUANA                                                                                          ";"27";"23";"26";"76"
"500124 ARAL MOREIRA                                                                                        ";"2";"10";"6";"18"
"500150 BANDEIRANTES                                                                                        ";"1";"10";"4";"15"
"500190 BATAGUASSU                                                                                          ";"8";"10";"12";"30"
"500200 BATAYPORA                                                                                           ";"9";"10";"14";"33"
"500210 BELA VISTA                                                                                          ";"11";"9";"7";"27"
"500215 BODOQUENA                                                                                           ";"2";"4";"4";"10"
"500220 BONITO                                                                                              ";"10";"19";"13";"42"
"500230 BRASILANDIA                                                                                         ";"21";"15";"7";"43"
"500240 CAARAPO                                                                                             ";"16";"27";"27";"70"
"500260 CAMAPUA                                                                                             ";"4";"10";"8";"22"
"500270 CAMPO GRANDE                                                                                        ";"902";"894";"857";"2653"
"500280 CARACOL                                                                                             ";"8";"4";"2";"14"
"500290 CASSILANDIA                                                                                         ";"24";"11";"19";"54"
"500295 CHAPADAO DO SUL                                                                                     ";"17";"19";"15";"51"
"500310 CORGUINHO                                                                                           ";"3";"0";"4";"7"
"500315 CORONEL SAPUCAIA                                                                                    ";"11";"6";"10";"27"
"500320 CORUMBA                                                                                             ";"73";"92";"86";"251"
"500325 COSTA RICA                                                                                          ";"18";"17";"12";"47"
"500330 COXIM                                                                                               ";"22";"14";"19";"55"
"500345 DEODAPOLIS                                                                                          ";"11";"14";"12";"37"
"500348 DOIS IRMAOS DO BURITI                                                                               ";"7";"4";"5";"16"
"500350 DOURADINA                                                                                           ";"2";"7";"1";"10"
"500370 DOURADOS                                                                                            ";"205";"193";"161";"559"
"500375 ELDORADO                                                                                            ";"8";"7";"19";"34"
"500380 FATIMA DO SUL                                                                                       ";"17";"14";"30";"61"
"500390 FIGUEIRAO                                                                                           ";"2";"3";"2";"7"
"500400 GLORIA DE DOURADOS                                                                                  ";"15";"9";"8";"32"
"500410 GUIA LOPES DA LAGUNA                                                                                ";"3";"3";"10";"16"
"500430 IGUATEMI                                                                                            ";"18";"16";"12";"46"
"500440 INOCENCIA                                                                                           ";"6";"2";"3";"11"
"500450 ITAPORA                                                                                             ";"19";"14";"17";"50"
"500460 ITAQUIRAI                                                                                           ";"19";"11";"20";"50"
"500470 IVINHEMA                                                                                            ";"16";"22";"24";"62"
"500480 JAPORA                                                                                              ";"4";"4";"7";"15"
"500490 JARAGUARI                                                                                           ";"7";"3";"1";"11"
"500500 JARDIM                                                                                              ";"12";"12";"14";"38"
"500510 JATEI                                                                                               ";"7";"0";"2";"9"
"500515 JUTI                                                                                                ";"2";"5";"2";"9"
"500520 LADARIO                                                                                             ";"5";"14";"18";"37"
"500525 LAGUNA CARAPA                                                                                       ";"2";"3";"4";"9"
"500540 MARACAJU                                                                                            ";"27";"21";"15";"63"
"500560 MIRANDA                                                                                             ";"7";"11";"7";"25"
"500568 MUNDO NOVO                                                                                          ";"29";"20";"30";"79"
"500570 NAVIRAI                                                                                             ";"56";"36";"42";"134"
"500580 NIOAQUE                                                                                             ";"10";"7";"9";"26"
"500600 NOVA ALVORADA DO SUL                                                                                ";"14";"11";"11";"36"
"500620 NOVA ANDRADINA                                                                                      ";"42";"42";"54";"138"
"500625 NOVO HORIZONTE DO SUL                                                                               ";"2";"2";"5";"9"
"500627 PARAISO DAS AGUAS                                                                                   ";"1";"2";"0";"3"
"500630 PARANAIBA                                                                                           ";"41";"31";"38";"110"
"500635 PARANHOS                                                                                            ";"0";"7";"7";"14"
"500640 PEDRO GOMES                                                                                         ";"4";"1";"6";"11"
"500660 PONTA PORA                                                                                          ";"55";"45";"30";"130"
"500690 PORTO MURTINHO                                                                                      ";"3";"4";"5";"12"
"500710 RIBAS DO RIO PARDO                                                                                  ";"14";"17";"15";"46"
"500720 RIO BRILHANTE                                                                                       ";"22";"16";"25";"63"
"500730 RIO NEGRO                                                                                           ";"2";"0";"2";"4"
"500740 RIO VERDE DE MATO GROSSO                                                                            ";"16";"20";"9";"45"
"500750 ROCHEDO                                                                                             ";"3";"5";"1";"9"
"500755 SANTA RITA DO PARDO                                                                                 ";"3";"6";"4";"13"
"500769 SAO GABRIEL DO OESTE                                                                                ";"18";"20";"13";"51"
"500770 SETE QUEDAS                                                                                         ";"14";"8";"6";"28"
"500780 SELVIRIA                                                                                            ";"5";"7";"9";"21"
"500790 SIDROLANDIA                                                                                         ";"21";"22";"21";"64"
"500793 SONORA                                                                                              ";"3";"7";"3";"13"
"500795 TACURU                                                                                              ";"11";"12";"13";"36"
"500797 TAQUARUSSU                                                                                          ";"4";"5";"4";"13"
"500800 TERENOS                                                                                             ";"12";"2";"10";"24"
"500830 TRES LAGOAS                                                                                         ";"137";"156";"134";"427"
"500840 VICENTINA                                                                                           ";"2";"8";"1";"11"
"510010 ACORIZAL                                                                                            ";"5";"7";"10";"22"
"510020 AGUA BOA                                                                                            ";"5";"6";"12";"23"
"510025 ALTA FLORESTA                                                                                       ";"21";"35";"30";"86"
"510030 ALTO ARAGUAIA                                                                                       ";"7";"10";"7";"24"
"510035 ALTO BOA VISTA                                                                                      ";"2";"0";"1";"3"
"510040 ALTO GARCAS                                                                                         ";"14";"7";"6";"27"
"510050 ALTO PARAGUAI                                                                                       ";"3";"8";"6";"17"
"510060 ALTO TAQUARI                                                                                        ";"7";"7";"8";"22"
"510080 APIACAS                                                                                             ";"4";"2";"3";"9"
"510100 ARAGUAIANA                                                                                          ";"3";"3";"2";"8"
"510120 ARAGUAINHA                                                                                          ";"1";"1";"0";"2"
"510125 ARAPUTANGA                                                                                          ";"13";"4";"5";"22"
"510130 ARENAPOLIS                                                                                          ";"10";"6";"11";"27"
"510140 ARIPUANA                                                                                            ";"6";"3";"5";"14"
"510160 BARAO DE MELGACO                                                                                    ";"4";"1";"3";"8"
"510170 BARRA DO BUGRES                                                                                     ";"17";"16";"10";"43"
"510180 BARRA DO GARCAS                                                                                     ";"20";"33";"35";"88"
"510185 BOM JESUS DO ARAGUAIA                                                                               ";"0";"5";"3";"8"
"510190 BRASNORTE                                                                                           ";"13";"5";"10";"28"
"510250 CACERES                                                                                             ";"50";"68";"54";"172"
"510260 CAMPINAPOLIS                                                                                        ";"0";"2";"1";"3"
"510263 CAMPO NOVO DO PARECIS                                                                               ";"15";"16";"8";"39"
"510267 CAMPO VERDE                                                                                         ";"38";"11";"36";"85"
"510268 CAMPOS DE JULIO                                                                                     ";"2";"3";"5";"10"
"510269 CANABRAVA DO NORTE                                                                                  ";"0";"4";"1";"5"
"510270 CANARANA                                                                                            ";"8";"4";"9";"21"
"510279 CARLINDA                                                                                            ";"5";"4";"7";"16"
"510285 CASTANHEIRA                                                                                         ";"3";"4";"5";"12"
"510300 CHAPADA DOS GUIMARAES                                                                               ";"18";"12";"9";"39"
"510305 CLAUDIA                                                                                             ";"9";"8";"9";"26"
"510310 COCALINHO                                                                                           ";"1";"4";"1";"6"
"510320 COLIDER                                                                                             ";"19";"26";"22";"67"
"510325 COLNIZA                                                                                             ";"3";"5";"5";"13"
"510330 COMODORO                                                                                            ";"8";"8";"4";"20"
"510335 CONFRESA                                                                                            ";"3";"3";"6";"12"
"510336 CONQUISTA D\'OESTE                                                                                   ";"0";"4";"3";"7"
"510337 COTRIGUACU                                                                                          ";"6";"5";"9";"20"
"510340 CUIABA                                                                                              ";"726";"734";"714";"2174"
"510343 CURVELANDIA                                                                                         ";"4";"2";"3";"9"
"510345 DENISE                                                                                              ";"6";"5";"4";"15"
"510350 DIAMANTINO                                                                                          ";"14";"14";"12";"40"
"510360 DOM AQUINO                                                                                          ";"9";"5";"8";"22"
"510370 FELIZ NATAL                                                                                         ";"3";"5";"8";"16"
"510380 FIGUEIROPOLIS D\'OESTE                                                                               ";"1";"7";"3";"11"
"510385 GAUCHA DO NORTE                                                                                     ";"0";"2";"2";"4"
"510390 GENERAL CARNEIRO                                                                                    ";"3";"5";"2";"10"
"510395 GLORIA D\'OESTE                                                                                      ";"5";"8";"0";"13"
"510410 GUARANTA DO NORTE                                                                                   ";"25";"16";"19";"60"
"510420 GUIRATINGA                                                                                          ";"8";"14";"4";"26"
"510450 INDIAVAI                                                                                            ";"2";"0";"3";"5"
"510452 IPIRANGA DO NORTE                                                                                   ";"2";"2";"3";"7"
"510454 ITANHANGA                                                                                           ";"5";"1";"1";"7"
"510455 ITAUBA                                                                                              ";"5";"4";"1";"10"
"510460 ITIQUIRA                                                                                            ";"4";"11";"8";"23"
"510480 JACIARA                                                                                             ";"28";"18";"23";"69"
"510490 JANGADA                                                                                             ";"3";"3";"3";"9"
"510500 JAURU                                                                                               ";"5";"8";"7";"20"
"510510 JUARA                                                                                               ";"13";"27";"13";"53"
"510515 JUINA                                                                                               ";"16";"28";"34";"78"
"510517 JURUENA                                                                                             ";"2";"2";"5";"9"
"510520 JUSCIMEIRA                                                                                          ";"6";"4";"6";"16"
"510523 LAMBARI D\'OESTE                                                                                     ";"2";"1";"4";"7"
"510525 LUCAS DO RIO VERDE                                                                                  ";"32";"27";"29";"88"
"510550 VILA BELA DA SANTISSIMA TRINDADE                                                                    ";"4";"7";"3";"14"
"510558 MARCELANDIA                                                                                         ";"14";"5";"6";"25"
"510560 MATUPA                                                                                              ";"4";"13";"10";"27"
"510562 MIRASSOL D\'OESTE                                                                                    ";"14";"13";"14";"41"
"510590 NOBRES                                                                                              ";"11";"5";"10";"26"
"510600 NORTELANDIA                                                                                         ";"1";"0";"5";"6"
"510610 NOSSA SENHORA DO LIVRAMENTO                                                                         ";"8";"4";"5";"17"
"510615 NOVA BANDEIRANTES                                                                                   ";"3";"5";"3";"11"
"510617 NOVA NAZARE                                                                                         ";"0";"0";"1";"1"
"510618 NOVA LACERDA                                                                                        ";"3";"2";"5";"10"
"510619 NOVA SANTA HELENA                                                                                   ";"1";"3";"2";"6"
"510620 NOVA BRASILANDIA                                                                                    ";"4";"1";"4";"9"
"510621 NOVA CANAA DO NORTE                                                                                 ";"3";"6";"3";"12"
"510622 NOVA MUTUM                                                                                          ";"14";"16";"19";"49"
"510623 NOVA OLIMPIA                                                                                        ";"4";"6";"10";"20"
"510624 NOVA UBIRATA                                                                                        ";"2";"10";"6";"18"
"510625 NOVA XAVANTINA                                                                                      ";"16";"10";"10";"36"
"510626 NOVO MUNDO                                                                                          ";"4";"2";"1";"7"
"510627 NOVO HORIZONTE DO NORTE                                                                             ";"0";"3";"7";"10"
"510628 NOVO SAO JOAQUIM                                                                                    ";"3";"5";"2";"10"
"510629 PARANAITA                                                                                           ";"6";"4";"8";"18"
"510630 PARANATINGA                                                                                         ";"5";"3";"11";"19"
"510631 NOVO SANTO ANTONIO                                                                                  ";"0";"7";"1";"8"
"510637 PEDRA PRETA                                                                                         ";"15";"14";"7";"36"
"510642 PEIXOTO DE AZEVEDO                                                                                  ";"11";"19";"21";"51"
"510645 PLANALTO DA SERRA                                                                                   ";"2";"1";"3";"6"
"510650 POCONE                                                                                              ";"19";"29";"19";"67"
"510665 PONTAL DO ARAGUAIA                                                                                  ";"3";"7";"3";"13"
"510670 PONTE BRANCA                                                                                        ";"1";"3";"1";"5"
"510675 PONTES E LACERDA                                                                                    ";"24";"19";"33";"76"
"510677 PORTO ALEGRE DO NORTE                                                                               ";"3";"3";"1";"7"
"510680 PORTO DOS GAUCHOS                                                                                   ";"2";"4";"9";"15"
"510682 PORTO ESPERIDIAO                                                                                    ";"3";"6";"7";"16"
"510685 PORTO ESTRELA                                                                                       ";"1";"3";"2";"6"
"510700 POXOREO                                                                                             ";"6";"8";"9";"23"
"510704 PRIMAVERA DO LESTE                                                                                  ";"35";"43";"43";"121"
"510706 QUERENCIA                                                                                           ";"7";"5";"2";"14"
"510710 SAO JOSE DOS QUATRO MARCOS                                                                          ";"12";"10";"11";"33"
"510715 RESERVA DO CABACAL                                                                                  ";"3";"1";"3";"7"
"510718 RIBEIRAO CASCALHEIRA                                                                                ";"0";"1";"1";"2"
"510719 RIBEIRAOZINHO                                                                                       ";"1";"1";"3";"5"
"510720 RIO BRANCO                                                                                          ";"3";"1";"8";"12"
"510724 SANTA CARMEM                                                                                        ";"1";"6";"3";"10"
"510726 SANTO AFONSO                                                                                        ";"2";"4";"2";"8"
"510729 SAO JOSE DO POVO                                                                                    ";"5";"2";"0";"7"
"510730 SAO JOSE DO RIO CLARO                                                                               ";"6";"6";"6";"18"
"510735 SAO JOSE DO XINGU                                                                                   ";"0";"4";"1";"5"
"510740 SAO PEDRO DA CIPA                                                                                   ";"5";"4";"2";"11"
"510757 RONDOLANDIA                                                                                         ";"4";"2";"1";"7"
"510760 RONDONOPOLIS                                                                                        ";"215";"232";"193";"640"
"510770 ROSARIO OESTE                                                                                       ";"9";"11";"6";"26"
"510774 SANTA CRUZ DO XINGU                                                                                 ";"0";"1";"1";"2"
"510775 SALTO DO CEU                                                                                        ";"3";"3";"1";"7"
"510776 SANTA RITA DO TRIVELATO                                                                             ";"0";"3";"2";"5"
"510777 SANTA TEREZINHA                                                                                     ";"1";"1";"0";"2"
"510779 SANTO ANTONIO DO LESTE                                                                              ";"1";"1";"0";"2"
"510780 SANTO ANTONIO DO LEVERGER                                                                           ";"9";"16";"11";"36"
"510785 SAO FELIX DO ARAGUAIA                                                                               ";"2";"4";"3";"9"
"510787 SAPEZAL                                                                                             ";"6";"6";"7";"19"
"510788 SERRA NOVA DOURADA                                                                                  ";"2";"0";"0";"2"
"510790 SINOP                                                                                               ";"96";"104";"125";"325"
"510792 SORRISO                                                                                             ";"46";"36";"54";"136"
"510794 TABAPORA                                                                                            ";"3";"4";"4";"11"
"510795 TANGARA DA SERRA                                                                                    ";"62";"62";"50";"174"
"510800 TAPURAH                                                                                             ";"7";"8";"6";"21"
"510805 TERRA NOVA DO NORTE                                                                                 ";"12";"4";"7";"23"
"510810 TESOURO                                                                                             ";"2";"0";"0";"2"
"510820 TORIXOREU                                                                                           ";"4";"5";"4";"13"
"510830 UNIAO DO SUL                                                                                        ";"0";"1";"2";"3"
"510835 VALE DE SAO DOMINGOS                                                                                ";"3";"1";"1";"5"
"510840 VARZEA GRANDE                                                                                       ";"213";"239";"226";"678"
"510850 VERA                                                                                                ";"6";"7";"4";"17"
"510860 VILA RICA                                                                                           ";"10";"21";"15";"46"
"510880 NOVA GUARITA                                                                                        ";"1";"5";"3";"9"
"510885 NOVA MARILANDIA                                                                                     ";"1";"0";"2";"3"
"510890 NOVA MARINGA                                                                                        ";"1";"3";"2";"6"
"510895 NOVA MONTE VERDE                                                                                    ";"3";"3";"2";"8"
"520005 ABADIA DE GOIAS                                                                                     ";"9";"18";"10";"37"
"520010 ABADIANIA                                                                                           ";"16";"6";"9";"31"
"520013 ACREUNA                                                                                             ";"12";"16";"11";"39"
"520015 ADELANDIA                                                                                           ";"2";"1";"2";"5"
"520017 AGUA FRIA DE GOIAS                                                                                  ";"0";"0";"1";"1"
"520020 AGUA LIMPA                                                                                          ";"1";"3";"3";"7"
"520025 AGUAS LINDAS DE GOIAS                                                                               ";"58";"64";"64";"186"
"520030 ALEXANIA                                                                                            ";"26";"31";"19";"76"
"520050 ALOANDIA                                                                                            ";"2";"3";"1";"6"
"520055 ALTO HORIZONTE                                                                                      ";"5";"6";"5";"16"
"520060 ALTO PARAISO DE GOIAS                                                                               ";"1";"3";"5";"9"
"520080 ALVORADA DO NORTE                                                                                   ";"5";"1";"3";"9"
"520082 AMARALINA                                                                                           ";"4";"7";"2";"13"
"520085 AMERICANO DO BRASIL                                                                                 ";"5";"8";"2";"15"
"520090 AMORINOPOLIS                                                                                        ";"1";"2";"3";"6"
"520110 ANAPOLIS                                                                                            ";"431";"465";"461";"1357"
"520120 ANHANGUERA                                                                                          ";"1";"0";"0";"1"
"520130 ANICUNS                                                                                             ";"17";"19";"13";"49"
"520140 APARECIDA DE GOIANIA                                                                                ";"295";"317";"370";"982"
"520145 APARECIDA DO RIO DOCE                                                                               ";"1";"0";"3";"4"
"520150 APORE                                                                                               ";"1";"3";"4";"8"
"520160 ARACU                                                                                               ";"6";"5";"2";"13"
"520170 ARAGARCAS                                                                                           ";"27";"22";"24";"73"
"520180 ARAGOIANIA                                                                                          ";"12";"7";"9";"28"
"520215 ARAGUAPAZ                                                                                           ";"4";"4";"5";"13"
"520235 ARENOPOLIS                                                                                          ";"3";"0";"1";"4"
"520250 ARUANA                                                                                              ";"3";"6";"2";"11"
"520260 AURILANDIA                                                                                          ";"4";"2";"2";"8"
"520280 AVELINOPOLIS                                                                                        ";"3";"3";"2";"8"
"520310 BALIZA                                                                                              ";"3";"2";"3";"8"
"520320 BARRO ALTO                                                                                          ";"5";"3";"5";"13"
"520330 BELA VISTA DE GOIAS                                                                                 ";"32";"23";"21";"76"
"520340 BOM JARDIM DE GOIAS                                                                                 ";"6";"8";"6";"20"
"520350 BOM JESUS DE GOIAS                                                                                  ";"16";"10";"20";"46"
"520355 BONFINOPOLIS                                                                                        ";"5";"3";"6";"14"
"520357 BONOPOLIS                                                                                           ";"2";"2";"4";"8"
"520360 BRAZABRANTES                                                                                        ";"1";"5";"0";"6"
"520380 BRITANIA                                                                                            ";"1";"6";"4";"11"
"520390 BURITI ALEGRE                                                                                       ";"11";"5";"5";"21"
"520393 BURITI DE GOIAS                                                                                     ";"2";"1";"3";"6"
"520396 BURITINOPOLIS                                                                                       ";"0";"5";"2";"7"
"520400 CABECEIRAS                                                                                          ";"3";"5";"3";"11"
"520410 CACHOEIRA ALTA                                                                                      ";"8";"9";"7";"24"
"520420 CACHOEIRA DE GOIAS                                                                                  ";"1";"2";"4";"7"
"520425 CACHOEIRA DOURADA                                                                                   ";"10";"7";"2";"19"
"520430 CACU                                                                                                ";"9";"14";"9";"32"
"520440 CAIAPONIA                                                                                           ";"12";"8";"9";"29"
"520450 CALDAS NOVAS                                                                                        ";"54";"58";"48";"160"
"520455 CALDAZINHA                                                                                          ";"1";"5";"0";"6"
"520460 CAMPESTRE DE GOIAS                                                                                  ";"7";"2";"1";"10"
"520465 CAMPINACU                                                                                           ";"1";"3";"4";"8"
"520470 CAMPINORTE                                                                                          ";"9";"5";"4";"18"
"520480 CAMPO ALEGRE DE GOIAS                                                                               ";"3";"9";"4";"16"
"520485 CAMPO LIMPO DE GOIAS                                                                                ";"1";"0";"6";"7"
"520490 CAMPOS BELOS                                                                                        ";"9";"7";"8";"24"
"520495 CAMPOS VERDES                                                                                       ";"2";"4";"1";"7"
"520500 CARMO DO RIO VERDE                                                                                  ";"7";"6";"1";"14"
"520505 CASTELANDIA                                                                                         ";"1";"1";"3";"5"
"520510 CATALAO                                                                                             ";"48";"52";"47";"147"
"520520 CATURAI                                                                                             ";"5";"4";"6";"15"
"520530 CAVALCANTE                                                                                          ";"2";"2";"1";"5"
"520540 CERES                                                                                               ";"21";"23";"19";"63"
"520545 CEZARINA                                                                                            ";"7";"7";"14";"28"
"520547 CHAPADAO DO CEU                                                                                     ";"3";"6";"6";"15"
"520549 CIDADE OCIDENTAL                                                                                    ";"20";"28";"27";"75"
"520551 COCALZINHO DE GOIAS                                                                                 ";"10";"15";"17";"42"
"520552 COLINAS DO SUL                                                                                      ";"0";"0";"3";"3"
"520570 CORREGO DO OURO                                                                                     ";"4";"2";"2";"8"
"520580 CORUMBA DE GOIAS                                                                                    ";"3";"6";"9";"18"
"520590 CORUMBAIBA                                                                                          ";"8";"8";"4";"20"
"520620 CRISTALINA                                                                                          ";"25";"26";"21";"72"
"520630 CRISTIANOPOLIS                                                                                      ";"8";"1";"2";"11"
"520640 CRIXAS                                                                                              ";"11";"10";"12";"33"
"520650 CROMINIA                                                                                            ";"5";"3";"2";"10"
"520660 CUMARI                                                                                              ";"0";"2";"2";"4"
"520670 DAMIANOPOLIS                                                                                        ";"3";"1";"2";"6"
"520680 DAMOLANDIA                                                                                          ";"3";"2";"2";"7"
"520690 DAVINOPOLIS                                                                                         ";"0";"2";"2";"4"
"520710 DIORAMA                                                                                             ";"6";"3";"5";"14"
"520725 DOVERLANDIA                                                                                         ";"5";"7";"10";"22"
"520735 EDEALINA                                                                                            ";"6";"2";"3";"11"
"520740 EDEIA                                                                                               ";"8";"5";"12";"25"
"520750 ESTRELA DO NORTE                                                                                    ";"7";"2";"3";"12"
"520753 FAINA                                                                                               ";"9";"9";"5";"23"
"520760 FAZENDA NOVA                                                                                        ";"3";"6";"5";"14"
"520780 FIRMINOPOLIS                                                                                        ";"5";"4";"10";"19"
"520790 FLORES DE GOIAS                                                                                     ";"2";"3";"4";"9"
"520800 FORMOSA                                                                                             ";"58";"58";"58";"174"
"520810 FORMOSO                                                                                             ";"3";"3";"3";"9"
"520815 GAMELEIRA DE GOIAS                                                                                  ";"3";"5";"3";"11"
"520830 DIVINOPOLIS DE GOIAS                                                                                ";"4";"4";"4";"12"
"520840 GOIANAPOLIS                                                                                         ";"18";"11";"12";"41"
"520850 GOIANDIRA                                                                                           ";"2";"3";"1";"6"
"520860 GOIANESIA                                                                                           ";"42";"45";"40";"127"
"520870 GOIANIA                                                                                             ";"1361";"1486";"1340";"4187"
"520880 GOIANIRA                                                                                            ";"32";"34";"45";"111"
"520890 GOIAS                                                                                               ";"14";"21";"16";"51"
"520910 GOIATUBA                                                                                            ";"28";"37";"39";"104"
"520915 GOUVELANDIA                                                                                         ";"4";"4";"3";"11"
"520920 GUAPO                                                                                               ";"11";"14";"12";"37"
"520929 GUARAITA                                                                                            ";"4";"1";"4";"9"
"520940 GUARANI DE GOIAS                                                                                    ";"1";"5";"2";"8"
"520945 GUARINOS                                                                                            ";"0";"1";"0";"1"
"520960 HEITORAI                                                                                            ";"5";"5";"3";"13"
"520970 HIDROLANDIA                                                                                         ";"13";"18";"16";"47"
"520980 HIDROLINA                                                                                           ";"4";"3";"2";"9"
"520990 IACIARA                                                                                             ";"5";"4";"3";"12"
"520993 INACIOLANDIA                                                                                        ";"5";"4";"7";"16"
"520995 INDIARA                                                                                             ";"9";"15";"14";"38"
"521000 INHUMAS                                                                                             ";"54";"53";"25";"132"
"521010 IPAMERI                                                                                             ";"20";"21";"15";"56"
"521015 IPIRANGA DE GOIAS                                                                                   ";"5";"2";"2";"9"
"521020 IPORA                                                                                               ";"29";"21";"24";"74"
"521030 ISRAELANDIA                                                                                         ";"2";"2";"1";"5"
"521040 ITABERAI                                                                                            ";"31";"29";"26";"86"
"521056 ITAGUARI                                                                                            ";"2";"10";"7";"19"
"521060 ITAGUARU                                                                                            ";"4";"3";"3";"10"
"521080 ITAJA                                                                                               ";"4";"5";"8";"17"
"521090 ITAPACI                                                                                             ";"7";"14";"15";"36"
"521100 ITAPIRAPUA                                                                                          ";"3";"11";"10";"24"
"521120 ITAPURANGA                                                                                          ";"13";"19";"21";"53"
"521130 ITARUMA                                                                                             ";"8";"2";"4";"14"
"521140 ITAUCU                                                                                              ";"7";"10";"6";"23"
"521150 ITUMBIARA                                                                                           ";"75";"98";"61";"234"
"521160 IVOLANDIA                                                                                           ";"3";"1";"2";"6"
"521170 JANDAIA                                                                                             ";"4";"3";"4";"11"
"521180 JARAGUA                                                                                             ";"26";"26";"24";"76"
"521190 JATAI                                                                                               ";"89";"72";"66";"227"
"521200 JAUPACI                                                                                             ";"2";"2";"2";"6"
"521205 JESUPOLIS                                                                                           ";"0";"1";"3";"4"
"521210 JOVIANIA                                                                                            ";"5";"7";"5";"17"
"521220 JUSSARA                                                                                             ";"22";"15";"10";"47"
"521230 LEOPOLDO DE BULHOES                                                                                 ";"4";"3";"5";"12"
"521250 LUZIANIA                                                                                            ";"92";"107";"84";"283"
"521260 MAIRIPOTABA                                                                                         ";"3";"2";"3";"8"
"521270 MAMBAI                                                                                              ";"4";"5";"5";"14"
"521280 MARA ROSA                                                                                           ";"7";"7";"5";"19"
"521290 MARZAGAO                                                                                            ";"0";"3";"1";"4"
"521295 MATRINCHA                                                                                           ";"5";"2";"5";"12"
"521300 MAURILANDIA                                                                                         ";"1";"13";"4";"18"
"521305 MIMOSO DE GOIAS                                                                                     ";"1";"0";"0";"1"
"521308 MINACU                                                                                              ";"17";"16";"16";"49"
"521310 MINEIROS                                                                                            ";"41";"42";"27";"110"
"521340 MOIPORA                                                                                             ";"1";"1";"0";"2"
"521350 MONTE ALEGRE DE GOIAS                                                                               ";"4";"0";"3";"7"
"521370 MONTES CLAROS DE GOIAS                                                                              ";"6";"6";"4";"16"
"521375 MONTIVIDIU                                                                                          ";"7";"3";"6";"16"
"521377 MONTIVIDIU DO NORTE                                                                                 ";"2";"2";"3";"7"
"521380 MORRINHOS                                                                                           ";"33";"29";"29";"91"
"521385 MORRO AGUDO DE GOIAS                                                                                ";"1";"1";"4";"6"
"521390 MOSSAMEDES                                                                                          ";"7";"6";"6";"19"
"521400 MOZARLANDIA                                                                                         ";"10";"6";"4";"20"
"521405 MUNDO NOVO                                                                                          ";"2";"1";"5";"8"
"521410 MUTUNOPOLIS                                                                                         ";"0";"2";"2";"4"
"521440 NAZARIO                                                                                             ";"7";"7";"8";"22"
"521450 NEROPOLIS                                                                                           ";"14";"21";"16";"51"
"521460 NIQUELANDIA                                                                                         ";"27";"19";"18";"64"
"521470 NOVA AMERICA                                                                                        ";"0";"2";"2";"4"
"521480 NOVA AURORA                                                                                         ";"3";"2";"4";"9"
"521483 NOVA CRIXAS                                                                                         ";"4";"1";"6";"11"
"521486 NOVA GLORIA                                                                                         ";"8";"17";"4";"29"
"521487 NOVA IGUACU DE GOIAS                                                                                ";"5";"2";"1";"8"
"521490 NOVA ROMA                                                                                           ";"0";"1";"3";"4"
"521500 NOVA VENEZA                                                                                         ";"7";"4";"7";"18"
"521520 NOVO BRASIL                                                                                         ";"3";"6";"4";"13"
"521523 NOVO GAMA                                                                                           ";"29";"28";"28";"85"
"521525 NOVO PLANALTO                                                                                       ";"1";"2";"4";"7"
"521530 ORIZONA                                                                                             ";"7";"12";"6";"25"
"521540 OURO VERDE DE GOIAS                                                                                 ";"3";"1";"1";"5"
"521550 OUVIDOR                                                                                             ";"12";"5";"5";"22"
"521560 PADRE BERNARDO                                                                                      ";"18";"8";"10";"36"
"521565 PALESTINA DE GOIAS                                                                                  ";"2";"0";"2";"4"
"521570 PALMEIRAS DE GOIAS                                                                                  ";"23";"26";"20";"69"
"521580 PALMELO                                                                                             ";"2";"2";"1";"5"
"521590 PALMINOPOLIS                                                                                        ";"2";"9";"3";"14"
"521600 PANAMA                                                                                              ";"0";"3";"3";"6"
"521630 PARANAIGUARA                                                                                        ";"7";"7";"6";"20"
"521640 PARAUNA                                                                                             ";"19";"12";"5";"36"
"521645 PEROLANDIA                                                                                          ";"1";"4";"1";"6"
"521680 PETROLINA DE GOIAS                                                                                  ";"10";"6";"8";"24"
"521690 PILAR DE GOIAS                                                                                      ";"2";"0";"1";"3"
"521710 PIRACANJUBA                                                                                         ";"21";"28";"23";"72"
"521720 PIRANHAS                                                                                            ";"8";"11";"12";"31"
"521730 PIRENOPOLIS                                                                                         ";"18";"19";"18";"55"
"521740 PIRES DO RIO                                                                                        ";"26";"15";"17";"58"
"521760 PLANALTINA                                                                                          ";"22";"33";"31";"86"
"521770 PONTALINA                                                                                           ";"22";"12";"18";"52"
"521800 PORANGATU                                                                                           ";"21";"24";"28";"73"
"521805 PORTEIRAO                                                                                           ";"3";"4";"2";"9"
"521810 PORTELANDIA                                                                                         ";"5";"1";"1";"7"
"521830 POSSE                                                                                               ";"12";"15";"7";"34"
"521839 PROFESSOR JAMIL                                                                                     ";"0";"2";"4";"6"
"521850 QUIRINOPOLIS                                                                                        ";"34";"36";"37";"107"
"521860 RIALMA                                                                                              ";"6";"2";"12";"20"
"521870 RIANAPOLIS                                                                                          ";"5";"0";"4";"9"
"521878 RIO QUENTE                                                                                          ";"4";"0";"3";"7"
"521880 RIO VERDE                                                                                           ";"117";"121";"127";"365"
"521890 RUBIATABA                                                                                           ";"13";"13";"19";"45"
"521900 SANCLERLANDIA                                                                                       ";"4";"8";"5";"17"
"521910 SANTA BARBARA DE GOIAS                                                                              ";"0";"4";"5";"9"
"521920 SANTA CRUZ DE GOIAS                                                                                 ";"4";"2";"2";"8"
"521925 SANTA FE DE GOIAS                                                                                   ";"4";"1";"3";"8"
"521930 SANTA HELENA DE GOIAS                                                                               ";"27";"36";"18";"81"
"521935 SANTA ISABEL                                                                                        ";"0";"5";"1";"6"
"521940 SANTA RITA DO ARAGUAIA                                                                              ";"7";"4";"5";"16"
"521945 SANTA RITA DO NOVO DESTINO                                                                          ";"0";"5";"1";"6"
"521950 SANTA ROSA DE GOIAS                                                                                 ";"1";"3";"4";"8"
"521960 SANTA TEREZA DE GOIAS                                                                               ";"4";"3";"3";"10"
"521970 SANTA TEREZINHA DE GOIAS                                                                            ";"2";"3";"4";"9"
"521971 SANTO ANTONIO DA BARRA                                                                              ";"6";"4";"4";"14"
"521973 SANTO ANTONIO DE GOIAS                                                                              ";"5";"5";"4";"14"
"521975 SANTO ANTONIO DO DESCOBERTO                                                                         ";"17";"27";"25";"69"
"521980 SAO DOMINGOS                                                                                        ";"2";"0";"1";"3"
"521990 SAO FRANCISCO DE GOIAS                                                                              ";"2";"4";"3";"9"
"522000 SAO JOAO D\'ALIANCA                                                                                  ";"6";"3";"3";"12"
"522005 SAO JOAO DA PARAUNA                                                                                 ";"4";"2";"1";"7"
"522010 SAO LUIS DE MONTES BELOS                                                                            ";"20";"29";"22";"71"
"522015 SAO LUIZ DO NORTE                                                                                   ";"4";"2";"4";"10"
"522020 SAO MIGUEL DO ARAGUAIA                                                                              ";"10";"16";"9";"35"
"522026 SAO MIGUEL DO PASSA QUATRO                                                                          ";"4";"4";"3";"11"
"522028 SAO PATRICIO                                                                                        ";"0";"0";"3";"3"
"522040 SAO SIMAO                                                                                           ";"20";"19";"20";"59"
"522045 SENADOR CANEDO                                                                                      ";"81";"78";"80";"239"
"522050 SERRANOPOLIS                                                                                        ";"4";"5";"6";"15"
"522060 SILVANIA                                                                                            ";"22";"15";"12";"49"
"522068 SIMOLANDIA                                                                                          ";"1";"1";"2";"4"
"522070 SITIO D\'ABADIA                                                                                      ";"1";"0";"0";"1"
"522100 TAQUARAL DE GOIAS                                                                                   ";"1";"4";"7";"12"
"522108 TERESINA DE GOIAS                                                                                   ";"2";"1";"0";"3"
"522119 TEREZOPOLIS DE GOIAS                                                                                ";"11";"9";"13";"33"
"522130 TRES RANCHOS                                                                                        ";"5";"3";"1";"9"
"522140 TRINDADE                                                                                            ";"84";"89";"92";"265"
"522145 TROMBAS                                                                                             ";"2";"0";"2";"4"
"522150 TURVANIA                                                                                            ";"2";"4";"1";"7"
"522155 TURVELANDIA                                                                                         ";"3";"1";"4";"8"
"522157 UIRAPURU                                                                                            ";"2";"1";"1";"4"
"522160 URUACU                                                                                              ";"22";"28";"29";"79"
"522170 URUANA                                                                                              ";"14";"10";"7";"31"
"522180 URUTAI                                                                                              ";"4";"2";"3";"9"
"522185 VALPARAISO DE GOIAS                                                                                 ";"58";"61";"63";"182"
"522190 VARJAO                                                                                              ";"1";"1";"6";"8"
"522200 VIANOPOLIS                                                                                          ";"7";"8";"10";"25"
"522205 VICENTINOPOLIS                                                                                      ";"6";"9";"2";"17"
"522220 VILA BOA                                                                                            ";"1";"0";"0";"1"
"522230 VILA PROPICIO                                                                                       ";"1";"0";"0";"1"
"530010 BRASILIA                                                                                            ";"809";"1065";"1449";"3323"
"Total";"164522";"168187";"167193";"499902"
